Star Wars: The Force Awakens,12/15/2015,245000000,2068223624,1823223624
Titanic,11/18/1997,200000000,1845034188,1645034188
Jurassic World,6/9/2015,150000000,1513528810,1363528810
Furious 7,4/1/2015,190000000,1506249360,1316249360
The Avengers,4/25/2012,220000000,1519557910,1299557910
Harry Potter and the Deathly Hallows: Part 2,7/7/2011,125000000,1342000000,1217000000
Avengers: Age of Ultron,4/22/2015,280000000,1405403694,1125403694
Frozen,11/27/2013,150000000,1274219009,1124219009
Beauty and the Beast,3/16/2017,160000000,1262886337,1102886337
Minions,6/17/2015,74000000,1156730962,1082730962
The Lord of the Rings: The Return of the King,12/1/2003,94000000,1118888979,1024888979
Iron Man 3,4/18/2013,200000000,1215439994,1015439994
The Fate of the Furious,4/12/2017,250000000,1238764765,988764765
Despicable Me 3,6/15/2017,80000000,1020063384,940063384
Transformers: Dark of the Moon,6/28/2011,195000000,1123746996,928746996
Skyfall,10/25/2012,200000000,1108561013,908561013
Captain America: Civil War,4/27/2016,250000000,1153304495,903304495
Despicable Me 2,6/25/2013,76000000,970761885,894761885
Transformers: Age of Extinction,6/25/2014,210000000,1091405097,881405097
Zootopia,2/11/2016,150000000,1023784195,873784195
Toy Story 3,6/16/2010,200000000,1066969703,866969703
Pirates of the Caribbean: Dead Man's Chest,6/20/2006,200000000,1065659812,865659812
Jurassic Park,6/11/1993,63000000,920100000,857100000
Rogue One: A Star Wars Story,12/14/2016,200000000,1056057273,856057273
Harry Potter and the Philosopher's Stone,11/16/2001,125000000,976475550,851475550
The Lord of the Rings: The Two Towers,12/18/2002,79000000,926287400,847287400
Finding Nemo,5/30/2003,94000000,940335536,846335536
The Dark Knight Rises,7/16/2012,250000000,1084939099,834939099
Finding Dory,6/16/2016,200000000,1028570889,828570889
Alice in Wonderland,3/3/2010,200000000,1025491110,825491110
The Dark Knight,7/16/2008,185000000,1004558444,819558444
Star Wars: Episode I - The Phantom Menace,5/19/1999,115000000,924317558,809317558
The Secret Life of Pets,6/18/2016,75000000,875457937,800457937
Ice Age: Dawn of the Dinosaurs,6/29/2009,90000000,886686817,796686817
The Jungle Book,4/7/2016,175000000,966550600,791550600
Harry Potter and the Order of the Phoenix,6/28/2007,150000000,938212738,788212738
E.T. the Extra-Terrestrial,4/3/1982,10500000,792965326,782465326
Ice Age: Continental Drift,6/26/2012,95000000,877244782,782244782
The Lord of the Rings: The Fellowship of the Ring,12/18/2001,93000000,871368364,778368364
Harry Potter and the Chamber of Secrets,11/13/2002,100000000,876688482,776688482
The Hobbit: An Unexpected Journey,11/26/2012,250000000,1021103568,771103568
Shrek 2,5/19/2004,150000000,919838758,769838758
Star Wars,5/25/1977,11000000,775398007,764398007
Harry Potter and the Goblet of Fire,11/5/2005,150000000,895921036,745921036
The Lion King,6/23/1994,45000000,788241776,743241776
Independence Day,6/25/1996,75000000,816969268,741969268
Star Wars: Episode III - Revenge of the Sith,5/17/2005,113000000,850000000,737000000
Deadpool,2/9/2016,58000000,783112979,725112979
The Hunger Games: Catching Fire,11/15/2013,130000000,847423452,717423452
The Twilight Saga: Breaking Dawn - Part 2,11/13/2012,120000000,829000000,709000000
The Hobbit: The Desolation of Smaug,12/11/2013,250000000,958400000,708400000
The Hobbit: The Battle of the Five Armies,12/10/2014,250000000,956019788,706019788
Harry Potter and the Deathly Hallows: Part 1,10/17/2010,250000000,954305868,704305868
Transformers: Revenge of the Fallen,6/19/2009,150000000,836297228,686297228
Harry Potter and the Half-Blood Prince,7/7/2009,250000000,933959197,683959197
Spider-Man,5/1/2002,139000000,821708551,682708551
Inside Out,6/9/2015,175000000,857611174,682611174
Wonder Woman,5/30/2017,149000000,820580447,671580447
Pirates of the Caribbean: On Stranger Tides,5/14/2011,380000000,1045713802,665713802
Inception,7/14/2010,160000000,825532764,665532764
Guardians of the Galaxy Vol. 2,4/19/2017,200000000,863416141,663416141
Pirates of the Caribbean: At World's End,5/19/2007,300000000,961000000,661000000
The Twilight Saga: New Moon,3/15/2009,50000000,709827462,659827462
Harry Potter and the Prisoner of Azkaban,5/31/2004,130000000,789804554,659804554
The Da Vinci Code,5/17/2006,125000000,767820459,642820459
Shrek the Third,5/17/2007,160000000,798958165,638958165
Spectre,10/26/2015,245000000,880674609,635674609
Spider-Man 3,5/1/2007,258000000,890871626,632871626
The Sixth Sense,8/6/1999,40000000,672806292,632806292
The Twilight Saga: Eclipse,6/23/2010,68000000,698491347,630491347
Fantastic Beasts and Where to Find Them,11/16/2016,180000000,809342332,629342332
Fast & Furious 6,5/6/2013,160000000,788679850,628679850
The Hunger Games: Mockingjay - Part 1,11/18/2014,125000000,752100229,627100229
Batman v Superman: Dawn of Justice,3/23/2016,250000000,873260194,623260194
Forrest Gump,7/6/1994,55000000,677945399,622945399
The Hunger Games,3/12/2012,75000000,691210692,616210692
Gravity,9/27/2013,105000000,716392705,611392705
Guardians of the Galaxy,7/30/2014,170000000,773328629,603328629
The Twilight Saga: Breaking Dawn - Part 1,3/15/2011,110000000,712171856,602171856
Madagascar 3: Europe's Most Wanted,6/6/2012,145000000,746921274,601921274
Indiana Jones and the Kingdom of the Crystal Skull,5/21/2008,185000000,786636033,601636033
The Matrix Reloaded,5/15/2003,150000000,738599701,588599701
Shrek Forever After,5/16/2010,165000000,752600867,587600867
Spider-Man 2,6/25/2004,200000000,783766341,583766341
The Passion of the Christ,2/25/2004,30000000,611899420,581899420
Ice Age: The Meltdown,3/23/2006,80000000,660940780,580940780
Maleficent,5/28/2014,180000000,758539785,578539785
Suicide Squad,8/2/2016,175000000,745600054,570600054
2012,10/10/2009,200000000,769653595,569653595
Alice in Wonderland,7/3/1951,3000000,572000000,569000000
Pirates of the Caribbean: Dead Men Tell No Tales,5/23/2017,230000000,794191988,564191988
Up,5/13/2009,175000000,735099082,560099082
Transformers,6/27/2007,150000000,709709780,559709780
Mamma Mia!,7/3/2008,52000000,609841637,557841637
Sing,11/23/2016,75000000,632443719,557443719
Mission: Impossible - Ghost Protocol,12/7/2011,145000000,694713380,549713380
Captain America: The Winter Soldier,3/20/2014,170000000,714766572,544766572
Monsters University,6/20/2013,200000000,743559607,543559607
Dawn of the Planet of the Apes,6/26/2014,170000000,710644566,540644566
Return of the Jedi,5/23/1983,32350000,572700000,540350000
The Incredibles,11/5/2004,92000000,631442092,539442092
The Amazing Spider-Man,6/27/2012,215000000,752215857,537215857
Mission: Impossible - Rogue Nation,7/23/2015,150000000,682330139,532330139
Fifty Shades of Grey,2/11/2015,40000000,571006128,531006128
Star Wars: Episode II - Attack of the Clones,5/15/2002,120000000,649398328,529398328
The Martian,9/30/2015,108000000,630161890,522161890
The Empire Strikes Back,5/17/1980,18000000,538400000,520400000
Logan,2/28/2017,97000000,616801808,519801808
Kung Fu Panda 2,5/25/2011,150000000,665692281,515692281
Pirates of the Caribbean: The Curse of the Black Pearl,7/9/2003,140000000,655011224,515011224
Doctor Strange,10/25/2016,165000000,677718395,512718395
Interstellar,11/5/2014,165000000,675120017,510120017
The Amazing Spider-Man 2,4/16/2014,200000000,705717432,505717432
Kung Fu Panda,6/4/2008,130000000,631744560,501744560
Fast Five,4/20/2011,125000000,626137675,501137675
Men in Black,7/2/1997,90000000,589390539,499390539
Ted,6/29/2012,50000000,549368315,499368315
X-Men: Days of Future Past,5/15/2014,250000000,747862775,497862775
The Hunger Games: Mockingjay - Part 2,11/18/2015,160000000,653428261,493428261
Moana,11/23/2016,150000000,643034466,493034466
Life of Pi,11/20/2012,120000000,609016565,489016565
Big Hero 6,10/24/2014,165000000,652105443,487105443
American Sniper,12/11/2014,58800000,542307423,483507423
Ghost,7/12/1990,22000000,505000000,483000000
Aladdin,11/25/1992,28000000,504050219,476050219
Thor: The Dark World,10/29/2013,170000000,644571402,474571402
Despicable Me,7/8/2010,69000000,543513985,474513985
Hancock,7/1/2008,150000000,624029371,474029371
Ratatouille,6/22/2007,150000000,623722818,473722818
Night at the Museum,10/20/2006,110000000,574480841,464480841
How to Train Your Dragon 2,6/12/2014,145000000,609123048,464123048
Jaws,6/18/1975,7000000,470654000,463654000
War of the Worlds,6/28/2005,132000000,591739379,459739379
Home Alone,11/9/1990,18000000,476684675,458684675
Madagascar,5/25/2005,75000000,532680671,457680671
Madagascar: Escape 2 Africa,10/30/2008,150000000,603900354,453900354
The Smurfs,7/29/2011,110000000,563749323,453749323
The Simpsons Movie,7/25/2007,75000000,527068851,452068851
The Croods,3/20/2013,135000000,585178928,450178928
Casino Royale,11/14/2006,150000000,599045960,449045960
Pretty Woman,3/23/1990,14000000,463000000,449000000
Cinderella,3/12/2015,95000000,543514353,448514353
Iron Man,4/30/2008,140000000,585174222,445174222
Man of Steel,6/12/2013,225000000,662845518,437845518
Meet the Fockers,12/22/2004,80000000,516642939,436642939
I Am Legend,12/14/2007,150000000,585349010,435349010
Sherlock Holmes,12/23/2009,90000000,524028679,434028679
The Exorcist,12/26/1973,8000000,441306145,433306145
Indiana Jones and the Last Crusade,5/24/1989,48000000,474171806,426171806
Shrek,5/16/2001,60000000,484409218,424409218
The Hangover,6/5/2009,35000000,459270619,424270619
Iron Man 2,4/28/2010,200000000,623933331,423933331
Mission: Impossible II,5/24/2000,125000000,546388105,421388105
Terminator 2: Judgment Day,7/1/1991,100000000,520000000,420000000
Dunkirk,7/19/2017,100000000,519876949,419876949
The Day After Tomorrow,5/26/2004,125000000,544272402,419272402
Mrs. Doubtfire,11/24/1993,25000000,441286195,416286195
La La Land,11/29/2016,30000000,445435700,415435700
Armageddon,7/1/1998,140000000,553799566,413799566
Intouchables,11/2/2011,13000000,426480871,413480871
Saving Private Ryan,7/24/1998,70000000,481840909,411840909
The Lego Movie,2/6/2014,60000000,469160692,409160692
Toy Story 2,10/30/1999,90000000,497366869,407366869
Bruce Almighty,5/23/2003,80000000,484572835,404572835
Twister,5/10/1996,92000000,494471524,402471524
Dances with Wolves,11/9/1990,22000000,424208848,402208848
The Matrix,3/30/1999,63000000,463517383,400517383
The King's Speech,9/6/2010,15000000,414211549,399211549
Men in Black 3,5/23/2012,225000000,624026776,399026776
The Revenant,12/25/2015,135000000,532950503,397950503
Rio 2,3/19/2014,103000000,500188435,397188435
Gone with the Wind,12/15/1939,4000000,400176459,396176459
Rio,4/3/2011,90000000,484635760,394635760
Hotel Transylvania 2,9/21/2015,80000000,473226958,393226958
Rise of the Planet of the Apes,8/3/2011,93000000,482860185,389860185
Ant-Man,7/14/2015,130000000,519311965,389311965
Rain Man,12/11/1988,25000000,412800000,387800000
Quantum of Solace,10/30/2008,200000000,586090727,386090727
The Bodyguard,11/25/1992,25000000,411006740,386006740
Kong: Skull Island,3/8/2017,185000000,566652812,381652812
Les Misérables,12/18/2012,61000000,441809770,380809770
Mission: Impossible,5/22/1996,80000000,457696359,377696359
Batman,6/23/1989,35000000,411348924,376348924
Kung Fu Panda 3,1/23/2016,145000000,521170825,376170825
The Boss Baby,3/23/2017,125000000,498814908,373814908
The Bourne Ultimatum,8/3/2007,70000000,442824138,372824138
Raiders of the Lost Ark,6/12/1981,18000000,389925971,371925971
Godzilla,5/14/2014,160000000,529076069,369076069
Mr. & Mrs. Smith,6/7/2005,110000000,478207520,368207520
Alvin and the Chipmunks: The Squeakquel,12/21/2009,75000000,443140005,368140005
X-Men: Apocalypse,5/18/2016,178000000,543934787,365934787
Ocean's Eleven,12/7/2001,85000000,450717150,365717150
My Big Fat Greek Wedding,2/22/2002,5000000,368744044,363744044
Slumdog Millionaire,5/12/2008,15000000,377910544,362910544
Back to the Future,7/3/1985,19000000,381109762,362109762
San Andreas,5/27/2015,110000000,470490832,360490832
Cars 2,6/11/2011,200000000,559852396,359852396
300,12/9/2006,65000000,422610419,357610419
Twilight,11/20/2008,37000000,392616625,355616625
Gladiator,5/1/2000,103000000,457640427,354640427
Brave,6/21/2012,185000000,538983207,353983207
Beauty and the Beast,11/13/1991,25000000,377350553,352350553
Teenage Mutant Ninja Turtles,8/7/2014,125000000,477200000,352200000
Sex and the City,5/12/2008,65000000,415252786,350252786
There's Something About Mary,7/15/1998,23000000,369884651,346884651
Transformers: The Last Knight,6/21/2017,260000000,604942143,344942143
Toy Story,10/30/1995,30000000,373554033,343554033
King Kong,12/14/2005,207000000,550000000,343000000
Robin Hood: Prince of Thieves,6/14/1991,48000000,390493908,342493908
Cars,6/8/2006,120000000,461983149,341983149
Top Gun,5/16/1986,15000000,356830601,341830601
WALL·E,6/22/2008,180000000,521311860,341311860
American Beauty,9/15/1999,15000000,356296601,341296601
Home Alone 2: Lost in New York,11/19/1992,18000000,358991681,340991681
Cast Away,12/22/2000,90000000,429632142,339632142
Signs,8/2/2002,72000000,408247917,336247917
The Mummy,4/16/1999,80000000,415885488,335885488
The Mummy Returns,4/28/2001,98000000,433013274,335013274
Kingsman: The Secret Service,1/29/2015,81000000,414351546,333351546
World War Z,6/20/2013,200000000,531865000,331865000
Tangled,11/24/2010,260000000,591794936,331794936
Taken 2,9/27/2012,45000000,376141306,331141306
How to Train Your Dragon,3/5/2010,165000000,494878759,329878759
The Mask,7/29/1994,23000000,351583407,328583407
National Treasure: Book of Secrets,12/13/2007,130000000,457363168,327363168
Django Unchained,12/25/2012,100000000,425368238,325368238
Charlie and the Chocolate Factory,7/13/2005,150000000,474968763,324968763
The Fugitive,8/6/1993,44000000,368875760,324875760
Ice Age,3/10/2002,59000000,383257136,324257136
Fifty Shades Darker,2/8/2017,55000000,378827494,323827494
Crocodile Dundee,9/26/1986,5000000,328203506,323203506
Troy,5/13/2004,175000000,497409852,322409852
Notting Hill,5/13/1999,42000000,363889678,321889678
Speed,6/9/1994,30000000,350448145,320448145
The Karate Kid,6/10/2010,40000000,357852395,317852395
The Last Samurai,12/5/2003,140000000,456758981,316758981
Black Swan,12/2/2010,13000000,327803731,314803731
The Maze Runner,9/10/2014,34000000,348319861,314319861
Pearl Harbor,5/21/2001,140000000,449220945,309220945
Gone Girl,10/1/2014,61000000,369330363,308330363
Wreck-It Ralph,11/1/2012,165000000,471222889,306222889
Fatal Attraction,9/11/1987,14000000,320145693,306145693
The Conjuring,7/18/2013,13000000,318000141,305000141
Indiana Jones and the Temple of Doom,5/23/1984,28000000,333000000,305000000
What Women Want,12/15/2000,70000000,374111707,304111707
Basic Instinct,3/20/1992,49000000,352927224,303927224
Ice Age: Collision Course,6/23/2016,105000000,408579038,303579038
Apollo 13,6/30/1995,52000000,355237933,303237933
Men in Black II,7/3/2002,140000000,441818803,301818803
Alvin and the Chipmunks,12/13/2007,60000000,361366633,301366633
Beverly Hills Cop,11/29/1984,15000000,316360478,301360478
Catch Me If You Can,12/25/2002,52000000,352114312,300114312
दंगल,12/23/2016,10400000,310000000,299600000
Schindler's List,11/29/1993,22000000,321365567,299365567
Thor,4/21/2011,150000000,449326618,299326618
Hitch,2/10/2005,70000000,368100420,298100420
Tarzan,6/18/1999,150000000,448000000,298000000
X2,4/24/2003,110000000,407711549,297711549
The Flintstones,5/26/1994,46000000,341631208,295631208
Jason Bourne,7/27/2016,120000000,415484914,295484914
The Wolverine,7/23/2013,120000000,415440673,295440673
The Fault in Our Stars,5/16/2014,12000000,307166834,295166834
Se7en,9/22/1995,33000000,327311859,294311859
GoldenEye,11/16/1995,58000000,352194034,294194034
Shark Tale,9/20/2004,75000000,367275019,292275019
The Wolf of Wall Street,12/25/2013,100000000,392000694,292000694
Back to the Future Part II,11/20/1989,40000000,332000000,292000000
Die Another Day,11/17/2002,140000000,431971116,291971116
Oz: The Great and Powerful,3/7/2013,200000000,491868548,291868548
The Devil Wears Prada,6/30/2006,35000000,326551094,291551094
Pocahontas,6/14/1995,55000000,346079773,291079773
Look Who's Talking,10/12/1989,7500000,296000000,288500000
Lethal Weapon 3,5/15/1992,35000000,321731527,286731527
Terminator Genisys,6/23/2015,155000000,440603537,285603537
Happy Feet,11/16/2006,100000000,384335608,284335608
Close Encounters of the Third Kind,11/16/1977,20000000,303788635,283788635
The Mummy,6/6/2017,125000000,407778013,282778013
The Blind Side,11/20/2009,29000000,309208309,280208309
The Conjuring 2,5/13/2016,40000000,320170008,280170008
Beverly Hills Cop II,5/18/1987,20000000,299965036,279965036
The Lorax,3/1/2012,70000000,348840316,278840316
Fast & Furious,4/2/2009,85000000,363164265,278164265
The Sound of Music,3/2/1965,8200000,286214286,278014286
Austin Powers: The Spy Who Shagged Me,6/8/1999,33000000,310940086,277940086
Taken 3,12/16/2014,48000000,325771424,277771424
The Proposal,6/1/2009,40000000,317375031,277375031
Star Trek Into Darkness,5/5/2013,190000000,467365246,277365246
The Angry Birds Movie,5/11/2016,73000000,349779543,276779543
Journey 2: The Mysterious Island,1/19/2012,79000000,355692760,276692760
Die Hard: With a Vengeance,5/19/1995,90000000,366101666,276101666
Jurassic Park III,7/18/2001,93000000,368780809,275780809
Meet the Parents,10/6/2000,55000000,330444045,275444045
The Matrix Revolutions,11/5/2003,150000000,424988211,274988211
Warcraft,5/25/2016,160000000,433677183,273677183
Live Free or Die Hard,6/20/2007,110000000,383531464,273531464
Hotel Transylvania,9/20/2012,85000000,358375603,273375603
Prometheus,5/30/2012,130000000,403170142,273170142
Resident Evil: The Final Chapter,12/23/2016,40000000,312242626,272242626
Rocky IV,11/21/1985,31000000,300473716,269473716
Split,11/15/2016,9000000,276921998,267921998
Alvin and the Chipmunks: Chipwrecked,12/14/2011,75000000,342695435,267695435
101 Dalmatians,11/17/1996,54000000,320689294,266689294
Bambi,8/14/1942,858000,267447150,266589150
Ghostbusters,6/7/1984,30000000,295212467,265212467
Hannibal,2/8/2001,87000000,351692268,264692268
Shakespeare in Love,12/11/1998,25000000,289317794,264317794
As Good as It Gets,12/19/1997,50000000,314178011,264178011
True Lies,7/14/1994,115000000,378882411,263882411
Over the Hedge,4/22/2006,80000000,343397247,263397247
Night at the Museum: Battle of the Smithsonian,5/20/2009,150000000,413106170,263106170
Planet of the Apes,7/25/2001,100000000,362211740,262211740
Chicago,12/26/2002,45000000,306776732,261776732
My Best Friend's Wedding,6/19/1997,38000000,299288605,261288605
xXx: Return of Xander Cage,1/13/2017,85000000,346147658,261147658
Cinderella,3/4/1950,2900000,263591415,260691415
The Chronicles of Narnia: The Voyage of the Dawn Treader,8/13/2010,155000000,415686217,260686217
The Rock,6/6/1996,75000000,335062621,260062621
千と千尋の神隠し,7/20/2001,15000000,274925095,259925095
Who Framed Roger Rabbit,6/21/1988,70000000,329803958,259803958
Scary Movie,7/7/2000,19000000,278019771,259019771
The Hangover Part III,5/23/2013,103000000,362000072,259000072
Pitch Perfect 2,5/7/2015,29000000,287506194,258506194
Liar Liar,3/21/1997,45000000,302710615,257710615
American Pie 2,8/10/2001,30000000,287553595,257553595
Rush Hour 2,8/3/2001,90000000,347325802,257325802
Bridget Jones's Diary,4/13/2001,25000000,281929795,256929795
Rambo: First Blood Part II,5/21/1985,44000000,300400432,256400432
Minority Report,6/20/2002,102000000,358372926,256372926
The Mummy: Tomb of the Dragon Emperor,7/1/2008,145000000,401128639,256128639
Bridesmaids,4/28/2011,32500000,288383523,255883523
Enchanted,11/20/2007,85000000,340487652,255487652
The Full Monty,8/13/1997,3500000,257850122,254350122
The Silence of the Lambs,2/1/1991,19000000,272742922,253742922
A Beautiful Mind,12/11/2001,60000000,313542341,253542341
Rocky III,5/28/1982,17000000,270000000,253000000
Ocean's Twelve,12/9/2004,110000000,362744280,252744280
The Pursuit of Happyness,12/14/2006,55000000,307077295,252077295
Maze Runner: The Scorch Trials,9/9/2015,61000000,311256926,250256926
Neighbors,5/8/2014,18000000,268157400,250157400
Coming to America,6/28/1988,39000000,288752301,249752301
X-Men: The Last Stand,5/24/2006,210000000,459359555,249359555
Inglourious Basterds,8/18/2009,70000000,319131050,249131050
Godzilla,5/20/1998,130000000,379014294,249014294
Annabelle,10/2/2014,6500000,255273813,248773813
Four Weddings and a Funeral,3/9/1994,6000000,254700832,248700832
The Prince,8/22/2014,18000000,266586800,248586800
The Blair Witch Project,7/14/1999,60000,248000000,247940000
Mission: Impossible III,5/3/2006,150000000,397850012,247850012
National Treasure,11/19/2004,100000000,347451894,247451894
Get Out,2/24/2017,5000000,252434250,247434250
The Great Gatsby,5/10/2013,105000000,351040419,246040419
Superman,12/13/1978,55000000,300218018,245218018
Wedding Crashers,7/14/2005,40000000,285176741,245176741
Now You See Me 2,6/2/2016,90000000,334901337,244901337
Borat: Cultural Learnings of America for Make Benefit Glorious Nation of Kazakhstan,11/1/2006,18000000,261572744,243572744
A Bug's Life,11/25/1998,120000000,363258859,243258859
The Smurfs 2,7/30/2013,105000000,347434178,242434178
The Adventures of Tintin,10/25/2011,130000000,371940071,241940071
G.I. Joe: Retaliation,3/26/2013,130000000,371876278,241876278
Penguins of Madagascar,11/22/2014,132000000,373552094,241552094
寻龙诀,12/18/2015,37000000,278300000,241300000
Resident Evil: Afterlife,9/9/2010,60000000,300228084,240228084
Runaway Bride,7/30/1999,70000000,309457509,239457509
The Godfather,3/14/1972,6000000,245066411,239066411
Casper,5/26/1995,50000000,287928194,237928194
Noah,3/20/2014,125000000,362637473,237637473
The SpongeBob Movie: Sponge Out of Water,2/5/2015,74000000,311594032,237594032
Gran Torino,12/9/2008,33000000,269958228,236958228
Batman Forever,6/16/1995,100000000,336529144,236529144
Star Trek,5/6/2009,150000000,385680446,235680446
Terminator 3: Rise of the Machines,7/2/2003,200000000,435000000,235000000
Home,3/18/2015,135000000,368871007,233871007
Austin Powers in Goldmember,7/26/2002,63000000,296655431,233655431
Saturday Night Fever,12/16/1977,3500000,237113184,233613184
Bean,7/3/1997,18000000,251212670,233212670
We're the Millers,8/7/2013,37000000,269994119,232994119
The Lego Batman Movie,2/8/2017,80000000,311950384,231950384
Dumb and Dumber,12/16/1994,16000000,247275374,231275374
Hook,12/11/1991,70000000,300854823,230854823
Fantastic Four,6/29/2005,100000000,330579719,230579719
Captain America: The First Avenger,7/22/2011,140000000,370569774,230569774
Air Force One,7/25/1997,85000000,315156409,230156409
TRON: Legacy,12/10/2010,170000000,400062763,230062763
Ransom,11/8/1996,80000000,309492681,229492681
Mad Max: Fury Road,5/13/2015,150000000,378858340,228858340
Indecent Proposal,4/7/1993,38000000,266614059,228614059
The Firm,6/30/1993,42000000,270248367,228248367
Pacific Rim,7/11/2013,180000000,407602906,227602906
300: Rise of an Empire,3/5/2014,110000000,337580051,227580051
The World Is Not Enough,11/8/1999,135000000,361832400,226832400
Dinosaur,5/19/2000,127500000,354248063,226748063
Snow White and the Huntsman,5/30/2012,170000000,396600000,226600000
Ocean's Thirteen,6/7/2007,85000000,311312624,226312624
Independence Day: Resurgence,6/22/2016,165000000,389681935,224681935
The Green Mile,12/10/1999,60000000,284600000,224600000
American Pie,7/9/1999,11000000,235483004,224483004
Batman Begins,6/10/2005,150000000,374218673,224218673
Babe,7/18/1995,30000000,254134910,224134910
Juno,12/5/2007,7500000,231411584,223911584
Jerry Maguire,12/6/1996,50000000,273552592,223552592
Doctor Dolittle,6/22/1998,71000000,294456605,223456605
X-Men Origins: Wolverine,4/28/2009,150000000,373062864,223062864
Tomorrow Never Dies,12/11/1997,110000000,333011068,223011068
Night at the Museum: Secret of the Tomb,12/17/2014,127000000,349424282,222424282
How the Grinch Stole Christmas,11/17/2000,123000000,345141403,222141403
Trolls,10/13/2016,125000000,346864462,221864462
X-Men,7/13/2000,75000000,296339527,221339527
The Imitation Game,11/14/2014,14000000,233555708,219555708
Dead Poets Society,6/2/1989,16400000,235860116,219460116
War for the Planet of the Apes,7/11/2017,152000000,369907963,217907963
Good Will Hunting,12/5/1997,10000000,225933435,215933435
Shutter Island,2/18/2010,80000000,294804195,214804195
Mulan,6/18/1998,90000000,304320254,214320254
True Grit,12/22/2010,38000000,252276927,214276927
The Bourne Supremacy,7/23/2004,75000000,288500217,213500217
A Good Day to Die Hard,2/6/2013,92000000,304654182,212654182
The Expendables 2,8/8/2012,100000000,312573423,212573423
Horton Hears a Who!,3/3/2008,85000000,297138014,212138014
Baahubali 2: The Conclusion,4/27/2017,18000000,230000000,212000000
One Hundred and One Dalmatians,1/25/1961,4000000,215880014,211880014
Rush Hour,9/18/1998,33000000,244386864,211386864
American Hustle,12/12/2013,40000000,251171807,211171807
Little Fockers,12/21/2010,100000000,310650585,210650585
Lincoln,11/9/2012,65000000,275293450,210293450
Super 8,6/8/2011,50000000,260095987,210095987
Sherlock Holmes: A Game of Shadows,11/22/2011,125000000,334615000,209615000
La vita è bella,12/20/1997,20000000,229400000,209400000
Dirty Dancing,8/21/1987,6000000,213954274,207954274
xXx,8/9/2002,70000000,277448382,207448382
Sleepless in Seattle,6/24/1993,21000000,227799884,206799884
Angels & Demons,5/13/2009,150000000,356613439,206613439
Monsters vs Aliens,3/19/2009,175000000,381509870,206509870
Pulp Fiction,9/10/1994,8000000,213928762,205928762
人再囧途之泰囧,12/12/2012,2200000,208000000,205800000
The Perfect Storm,3/15/2000,120000000,325756637,205756637
Hidden Figures,12/10/2016,25000000,230698791,205698791
The English Patient,11/14/1996,27000000,231976425,204976425
Love Actually,9/7/2003,40000000,244931766,204931766
Mr. Bean's Holiday,3/22/2007,25000000,229736344,204736344
Back to the Future Part III,5/25/1990,40000000,244527583,204527583
Erin Brockovich,3/17/2000,52000000,256271286,204271286
Paddington,11/27/2014,55000000,259207227,204207227
The Truman Show,6/4/1998,60000000,264118201,204118201
Divergent,3/14/2014,85000000,288747895,203747895
A Few Good Men,12/11/1992,40000000,243240178,203240178
Lethal Weapon 2,7/7/1989,25000000,227853986,202853986
The Jungle Book,10/17/1967,4000000,205843612,201843612
Taken,2/18/2008,25000000,226830568,201830568
Twins,12/9/1988,15000000,216614388,201614388
The Ring,10/18/2002,48000000,249348933,201348933
Paranormal Activity 3,10/19/2011,5000000,205703818,200703818
Sister Act,5/28/1992,31000000,231605150,200605150
Big Daddy,6/25/1999,34200000,234801895,200601895
Batman Returns,6/19/1992,80000000,280000000,200000000
The Departed,10/5/2006,90000000,289847354,199847354
Presumed Innocent,7/26/1990,22000000,221303188,199303188
Jumanji,12/15/1995,65000000,262797249,197797249
The Village,7/30/2004,60000000,256697520,196697520
卧虎藏龙,10/1/2000,17000000,213525736,196525736
Total Recall,6/1/1990,65000000,261317921,196317921
Bad Teacher,5/16/2011,20000000,216197492,196197492
The Chronicles of Narnia: Prince Caspian,5/15/2008,225000000,419651413,194651413
The Expendables,8/3/2010,80000000,274470394,194470394
X-Men: First Class,5/24/2011,160000000,353624124,193624124
Paranormal Activity,9/14/2007,15000,193355800,193340800
Rocky II,6/15/1979,7000000,200182160,193182160
Passengers,12/21/2016,110000000,303144152,193144152
Daddy's Home,12/25/2015,50000000,242786137,192786137
Edge of Tomorrow,5/27/2014,178000000,370541256,192541256
The Golden Compass,12/4/2007,180000000,372234864,192234864
Megamind,10/28/2010,130000000,321887208,191887208
Scooby-Doo,6/14/2002,84000000,275650703,191650703
Grown Ups,6/24/2010,80000000,271430189,191430189
Baby Driver,6/28/2017,34000000,224511319,190511319
Real Steel,9/28/2011,110000000,299268508,189268508
功夫瑜伽,1/27/2017,65000000,254212245,189212245
Knocked Up,6/1/2007,30000000,219076518,189076518
Teenage Mutant Ninja Turtles,3/30/1990,13500000,202000000,188500000
Sex and the City 2,5/26/2010,100000000,288347692,188347692
Me Before You,6/2/2016,20000000,207945075,187945075
Argo,10/11/2012,44500000,232324128,187824128
Kindergarten Cop,12/21/1990,15000000,201957688,186957688
Million Dollar Baby,12/15/2004,30000000,216763646,186763646
Something's Gotta Give,12/12/2003,80000000,266728738,186728738
Miss Peregrine's Home for Peculiar Children,9/28/2016,110000000,296485719,186485719
You've Got Mail,12/17/1998,65000000,250821495,185821495
Robots,3/10/2005,75000000,260696994,185696994
Insurgent,3/18/2015,110000000,295238201,185238201
Prince of Persia: The Sands of Time,5/19/2010,150000000,335154643,185154643
Cliffhanger,5/28/1993,70000000,255000211,185000211
American Reunion,4/4/2012,50000000,234989584,184989584
The Social Network,9/30/2010,40000000,224920315,184920315
Silver Linings Playbook,9/8/2012,21000000,205738714,184738714
Marley & Me,12/25/2008,60000000,244082376,184082376
The Curious Case of Benjamin Button,11/24/2008,150000000,333932083,183932083
Snow White and the Seven Dwarfs,12/20/1937,1488423,184925486,183437063
Salt,7/21/2010,110000000,293329073,183329073
Wanted,6/19/2008,75000000,258270008,183270008
Ace Ventura: When Nature Calls,11/10/1995,30000000,212385533,182385533
The Little Mermaid,11/17/1989,40000000,222300000,182300000
The Great Wall,12/16/2016,150000000,331957105,181957105
District 9,8/5/2009,30000000,210819611,180819611
Philadelphia,12/22/1993,26000000,206678440,180678440
Chicken Run,6/21/2000,45000000,224834564,179834564
The Tourist,12/8/2010,100000000,278731369,178731369
Sully,9/7/2016,60000000,238470033,178470033
Ghostbusters II,6/15/1989,37000000,215394738,178394738
Bridget Jones's Baby,9/14/2016,35000000,211952420,176952420
The Legend of Tarzan,6/29/2016,180000000,356743061,176743061
American Wedding,8/1/2003,55000000,231449203,176449203
Moonraker,6/26/1979,34000000,210308099,176308099
Dracula,11/13/1992,40000000,215862692,175862692
Grease,7/7/1978,6000000,181813770,175813770
Cars 3,6/15/2017,175000000,350170057,175170057
Resident Evil: Retribution,9/12/2012,65000000,240159255,175159255
Hansel & Gretel: Witch Hunters,1/17/2013,50000000,224803475,174803475
Paranormal Activity 2,10/20/2010,3000000,177512032,174512032
The Hangover Part II,5/25/2011,80000000,254455986,174455986
8 Mile,11/8/2002,41000000,215000000,174000000
The Fifth Element,5/7/1997,90000000,263920180,173920180
Wind River,8/3/2017,11000000,184770205,173770205
Straight Outta Compton,8/13/2015,28000000,201634991,173634991
The Grudge,10/22/2004,10000000,183474602,173474602
Unbreakable,11/13/2000,75000000,248118121,173118121
Non-Stop,1/26/2014,50000000,222809600,172809600
Scary Movie 3,10/24/2003,48000000,220673217,172673217
A Dog's Purpose,1/19/2017,22000000,194647323,172647323
Charlie's Angels,11/2/2000,92000000,264105545,172105545
The Spy Who Loved Me,7/7/1977,14000000,185438673,171438673
Terminator Salvation,5/20/2009,200000000,371353001,171353001
Elysium,8/7/2013,115000000,286140700,171140700
Spy,5/6/2015,65000000,235666219,170666219
Cloudy with a Chance of Meatballs 2,9/26/2013,78000000,248384621,170384621
Space Jam,11/15/1996,80000000,250200000,170200000
Die Hard 2,7/2/1990,70000000,240031094,170031094
Planes,8/9/2013,50000000,219788712,169788712
The Fast and the Furious,6/22/2001,38000000,207283925,169283925
The Hunt for Red October,3/2/1990,30000000,199200000,169200000
The Last Airbender,6/30/2010,150000000,318502923,168502923
Epic,5/15/2013,100000000,268426634,168426634
Flightplan,9/22/2005,55000000,223387299,168387299
Jaws 2,6/16/1978,20000000,187884007,167884007
The Santa Clause,11/10/1994,22000000,189833357,167833357
Hercules,6/26/1997,85000000,252712101,167712101
For Your Eyes Only,6/23/1981,28000000,195312802,167312802
The Ugly Truth,7/24/2009,38000000,205298907,167298907
Stuart Little,12/17/1999,133000000,300135367,167135367
12 Years a Slave,10/18/2013,20000000,187000000,167000000
Miss Congeniality,12/14/2000,45000000,212000000,167000000
Grown Ups 2,7/11/2013,80000000,246984278,166984278
Central Intelligence,6/15/2016,50000000,216972543,166972543
American Gangster,11/2/2007,100000000,266465037,166465037
Oblivion,4/10/2013,120000000,286168572,166168572
The Vow,2/5/2012,30000000,196114570,166114570
Face/Off,6/27/1997,80000000,245676146,165676146
JFK,12/20/1991,40000000,205405498,165405498
While You Were Sleeping,4/21/1995,17000000,182057016,165057016
Aliens,7/18/1986,18500000,183316455,164816455
Valentine's Day,2/10/2010,52000000,216485654,164485654
Chicken Little,11/4/2005,150000000,314432665,164432665
Brokeback Mountain,9/2/2005,14000000,178043761,164043761
Bad Moms,7/28/2016,20000000,183936074,163936074
Le fabuleux destin d'Amélie Poulain,4/25/2001,10000000,173921954,163921954
Interview with the Vampire,11/11/1994,60000000,223664608,163664608
The Waterboy,11/6/1998,23000000,185991646,162991646
Into the Woods,12/25/2014,50000000,212902372,162902372
The Curse of the Were-Rabbit,9/4/2005,30000000,192452832,162452832
The Princess and the Frog,12/8/2009,105000000,267045765,162045765
Rise of the Guardians,11/21/2012,145000000,306941670,161941670
The Addams Family,11/22/1991,30000000,191502426,161502426
Enemy of the State,11/20/1998,90000000,250649836,160649836
2 Fast 2 Furious,6/5/2003,76000000,236350661,160350661
Magic Mike,6/28/2012,7000000,167221571,160221571
Octopussy,6/5/1983,27500000,187500000,160000000
Bolt,11/21/2008,150000000,309979994,159979994
Lara Croft: Tomb Raider,6/11/2001,115000000,274703340,159703340
21 Jump Street,3/12/2012,42000000,201585328,159585328
The Intern,9/24/2015,35000000,194564672,159564672
Traffic,12/27/2000,48000000,207515725,159515725
The Terminal,6/17/2004,60000000,219417255,159417255
4: Rise of the Silver Surfer,6/13/2007,130000000,289047763,159047763
Scream,12/20/1996,14000000,173046663,159046663
Disclosure,12/9/1994,55000000,214015089,159015089
Spy Kids 3-D: Game Over,7/25/2003,38000000,197011982,159011982
Star Trek Beyond,7/7/2016,185000000,343471816,158471816
Walk the Line,9/13/2005,28000000,186438883,158438883
Jack Reacher,12/20/2012,60000000,218340595,158340595
The Bridges of Madison County,5/28/1995,24000000,182016617,158016617
Paul Blart: Mall Cop,1/15/2009,26000000,183293131,157293131
The Descendants,9/9/2011,20000000,177243185,157243185
The Good Dinosaur,11/14/2015,175000000,331926147,156926147
The Other Woman,4/16/2014,40000000,196781193,156781193
Arrival,11/10/2016,47000000,203388186,156388186
Tootsie,12/16/1982,21000000,177200000,156200000
The Lost World: Jurassic Park,5/23/1997,73000000,229074524,156074524
Sleeping with the Enemy,2/8/1991,19000000,174999005,155999005
Yes Man,12/9/2008,70000000,225990978,155990978
Pixels,7/16/2015,88000000,243637091,155637091
The Mask of Zorro,7/16/1998,95000000,250288523,155288523
Click,6/22/2006,82500000,237681299,155181299
Hot Shots!,7/31/1991,26000000,181096164,155096164
A Star Is Born,12/16/1976,6000000,161000000,155000000
Live and Let Die,7/5/1973,7000000,161777836,154777836
The Birdcage,3/8/1996,31000000,185260553,154260553
The Sting,12/25/1973,5500000,159616327,154116327
The Bourne Identity,6/14/2002,60000000,214034224,154034224
Clear and Present Danger,8/3/1994,62000000,215887717,153887717
Saw III,10/27/2006,10000000,163876815,153876815
Gnomeo & Juliet,1/13/2011,36000000,189712432,153712432
The Day the Earth Stood Still,12/10/2008,80000000,233093859,153093859
The Break-Up,6/1/2006,52000000,204999686,152999686
Collateral,8/4/2004,65000000,217764291,152764291
Patch Adams,12/25/1998,50000000,202292902,152292902
City Slickers,6/7/1991,27000000,179033791,152033791
Immortals,11/10/2011,75000000,226904017,151904017
Cocktail,7/29/1988,20000000,171504781,151504781
The Living Daylights,6/29/1987,40000000,191185897,151185897
Wrath of the Titans,3/27/2012,150000000,301000000,151000000
Kill Bill: Vol. 1,10/10/2003,30000000,180949000,150949000
Garfield,6/10/2004,50000000,200804534,150804534
Get Smart,6/19/2008,80000000,230685453,150685453
Sweet Home Alabama,9/26/2002,30000000,180622424,150622424
The Pelican Brief,12/16/1993,45000000,195268056,150268056
Cheaper by the Dozen,12/24/2003,40000000,190212113,150212113
Eragon,12/14/2006,100000000,249288105,149288105
Ted 2,6/25/2015,68000000,217022588,149022588
Con Air,6/1/1997,75000000,224012234,149012234
Saw II,10/28/2005,4000000,152925093,148925093
The Prince of Egypt,12/15/1998,70000000,218613188,148613188
Everest,9/10/2015,55000000,203427584,148427584
Panic Room,3/29/2002,48000000,196397415,148397415
Scream 2,12/9/1997,24000000,172363301,148363301
DodgeBall: A True Underdog Story,6/18/2004,20000000,167722310,147722310
Turbo,7/11/2013,135000000,282570682,147570682
Cape Fear,11/15/1991,35000000,182300000,147300000
The Peanuts Movie,11/5/2015,99000000,246233113,147233113
Gone in Sixty Seconds,6/9/2000,90000000,237202299,147202299
Don't Breathe,8/25/2016,9900000,157100845,147200845
Love's Deadly Triangle: The Texas Cadet Murder,2/20/1997,14000000,161001698,147001698
Born on the Fourth of July,12/20/1989,14000000,161001698,147001698
Due Date,11/4/2010,65000000,211780824,146780824
No Country for Old Men,11/8/2007,25000000,171600000,146600000
The Bourne Legacy,8/8/2012,130000000,276572938,146572938
Entrapment,4/29/1999,66000000,212404396,146404396
英雄,12/19/2002,31000000,177394432,146394432
The Final Destination,8/26/2009,40000000,186167139,146167139
Cloverfield,1/15/2008,25000000,170764026,145764026
London Has Fallen,3/2/2016,60000000,205754447,145754447
Dracula Untold,10/1/2014,70000000,215529201,145529201
Lethal Weapon 4,7/10/1998,140000000,285444603,145444603
Unforgiven,8/7/1992,14000000,159157447,145157447
Inferno,10/13/2016,75000000,220021259,145021259
Knight and Day,6/15/2010,117000000,261930431,144930431
The Grand Budapest Hotel,2/26/2014,30000000,174600318,144600318
Eat Pray Love,8/12/2010,60000000,204594016,144594016
Lights Out,7/21/2016,4900000,148868835,143968835
Big Momma's House,5/31/2000,30000000,173959438,143959438
Fury,10/15/2014,68000000,211817906,143817906
City of Angels,4/10/1998,55000000,198685114,143685114
Hercules,7/23/2014,100000000,243400000,143400000
Bad Boys II,7/18/2003,130000000,273339556,143339556
Cloudy with a Chance of Meatballs,9/17/2009,100000000,242988466,142988466
G-Force,7/21/2009,150000000,292817841,142817841
The Girl with the Dragon Tattoo,12/14/2011,90000000,232617430,142617430
Eraser,6/21/1996,100000000,242295562,142295562
Gremlins,6/7/1984,11000000,153083102,142083102
Police Academy,3/22/1984,4500000,146198896,141698896
Stargate,10/27/1994,55000000,196567262,141567262
Elf,10/9/2003,32000000,173398518,141398518
The Polar Express,11/10/2004,165000000,305875730,140875730
Cool Runnings,9/30/1993,14000000,154864401,140864401
Vertical Limit,12/8/2000,75000000,215663859,140663859
Van Helsing,5/5/2004,160000000,300257475,140257475
西游记之大圣归来,7/10/2015,10000000,150000000,140000000
Outbreak,3/10/1995,50000000,189859560,139859560
Inside Man,3/23/2006,45000000,184376254,139376254
Twelve Monkeys,12/29/1995,29500000,168840000,139340000
American Graffiti,8/1/1973,777000,140000000,139223000
Charlie's Angels: Full Throttle,6/27/2003,120000000,259175788,139175788
Identity Thief,2/7/2013,35000000,173965010,138965010
Up in the Air,9/5/2009,25000000,163670000,138670000
22 Jump Street,6/5/2014,50000000,188441614,138441614
Animal House,7/27/1978,2700000,141000000,138300000
Driving Miss Daisy,12/13/1989,7500000,145793296,138293296
Lo imposible,9/9/2012,42000000,180274123,138274123
Braveheart,5/24/1995,72000000,210000000,138000000
Paranormal Activity 4,10/17/2012,5000000,142817992,137817992
Bee Movie,10/28/2007,150000000,287594577,137594577
The Equalizer,9/24/2014,55000000,192330738,137330738
Need for Speed,3/13/2014,66000000,203277636,137277636
He's Just Not That Into You,2/6/2009,40000000,177259441,137259441
Jumper,2/10/2008,85000000,222231186,137231186
Smurfs: The Lost Village,3/23/2017,60000000,197183546,137183546
In the Line of Fire,7/8/1993,40000000,176997168,136997168
Jackass Presents: Bad Grandpa,10/22/2013,15000000,151831537,136831537
Creed,11/25/2015,37000000,173567581,136567581
Superman II,12/4/1980,54000000,190458706,136458706
A.I. Artificial Intelligence,6/29/2001,100000000,235926552,135926552
Thunderball,12/16/1965,5500000,141195658,135695658
Vanilla Sky,12/10/2001,68000000,203388341,135388341
Alien: Covenant,5/9/2017,97000000,232380243,135380243
Hacksaw Ridge,10/7/2016,40000000,175302354,135302354
What Happens in Vegas,5/7/2008,35000000,170000000,135000000
Just Go with It,2/10/2011,80000000,214918407,134918407
Limitless,3/8/2011,27000000,161849455,134849455
Love Story,12/16/1970,2200000,136400000,134200000
Public Enemies,7/1/2009,80000000,214104620,134104620
It's Complicated,12/23/2009,85000000,219103655,134103655
In Time,10/27/2011,40000000,173930596,133930596
Free Willy,7/16/1993,20000000,153698625,133698625
Big,6/3/1988,18000000,151668774,133668774
劇場版ポケットモンスター ミュウツーの逆襲,7/18/1998,30000000,163644662,133644662
Scary Movie 4,4/13/2006,45000000,178262620,133262620
Patriot Games,6/4/1992,45000000,178051587,133051587
Bedtime Stories,12/24/2008,80000000,212874442,132874442
Romeo + Juliet,10/31/1996,14500000,147298761,132798761
Platoon,12/18/1986,6000000,138530565,132530565
Battle: Los Angeles,3/8/2011,70000000,202466756,132466756
Mr. Popper's Penguins,6/17/2011,55000000,187361754,132361754
Ben-Hur,12/26/1959,15000000,146900000,131900000
Mystic River,10/7/2003,25000000,156822020,131822020
Rocky Balboa,12/20/2006,24000000,155721132,131721132
John Wick: Chapter 2,2/8/2017,40000000,171539887,131539887
Mama,1/17/2013,15000000,146497771,131497771
Percy Jackson & the Olympians: The Lightning Thief,2/1/2010,95000000,226497209,131497209
The Color Purple,12/18/1985,15000000,146292009,131292009
Red Dragon,9/29/2002,78000000,209196298,131196298
Constantine,2/8/2005,100000000,230884728,130884728
Flight,11/2/2012,31000000,161772375,130772375
Legends of the Fall,12/16/1994,30000000,160638883,130638883
The Bucket List,12/25/2007,45000000,175372502,130372502
27 Dresses,1/10/2008,30000000,160259319,130259319
Chronicle,2/1/2012,15000000,145000000,130000000
Along Came Polly,1/16/2004,42000000,171963386,129963386
Dumb and Dumber To,11/12/2014,40000000,169837010,129837010
Alice Through the Looking Glass,5/25/2016,170000000,299370084,129370084
Saw IV,10/25/2007,10000000,139352633,129352633
Step Up 3D,8/4/2010,30000000,159291809,129291809
Beverly Hills Chihuahua,10/3/2008,20000000,149281606,129281606
Ride Along,1/7/2014,25000000,153997819,128997819
The Princess Diaries,8/3/2001,37000000,165335153,128335153
Lion,11/24/2016,12000000,140302754,128302754
The Girl on the Train,10/5/2016,45000000,173185859,128185859
Exodus: Gods and Kings,12/3/2014,140000000,268031828,128031828
Mr. Peabody & Sherman,2/7/2014,145000000,272912430,127912430
Step Up 2: The Streets,2/14/2008,23000000,150816700,127816700
Chocolat,12/14/2000,25000000,152500343,127500343
G.I. Joe: The Rise of Cobra,8/4/2009,175000000,302469017,127469017
Heat,12/15/1995,60000000,187436818,127436818
How to Lose a Guy in 10 Days,2/7/2003,50000000,177371441,127371441
The Horse Whisperer,5/14/1998,60000000,186883563,126883563
The Best Exotic Marigold Hotel,11/28/2011,10000000,136836156,126836156
P.S. I Love You,11/15/2007,30000000,156835339,126835339
Burn After Reading,9/5/2008,37000000,163720069,126720069
Moulin Rouge!,3/9/2001,52500000,179213434,126713434
Rambo III,5/24/1988,63000000,189015611,126015611
The Game Plan,9/28/2007,22000000,147880543,125880543
Beowulf,11/5/2007,70000000,195735876,125735876
Bridge of Spies,10/15/2015,40000000,165478348,125478348
Gulliver's Travels,12/25/2010,112000000,237382724,125382724
The Specialist,10/7/1994,45000000,170362582,125362582
Valkyrie,12/25/2008,75000000,200276000,125276000
A Christmas Carol,11/4/2009,200000000,325233863,125233863
The Exorcism of Emily Rose,9/9/2005,19000000,144216468,125216468
The Sum of All Fears,5/31/2002,68000000,193000000,125000000
Licence to Kill,7/7/1989,32000000,156167015,124167015
Never Say Never Again,10/7/1983,36000000,160000000,124000000
Legally Blonde,7/13/2001,18000000,141774679,123774679
Anchorman 2: The Legend Continues,12/18/2013,50000000,173649015,123649015
The X Files,6/19/1998,66000000,189198313,123198313
Safe House,2/9/2012,85000000,208076205,123076205
No Strings Attached,1/21/2011,25000000,147780440,122780440
RoboCop,1/30/2014,120000000,242688965,122688965
A View to a Kill,5/24/1985,30000000,152427960,122427960
Bad Boys,4/7/1995,19000000,141407024,122407024
Goldfinger,9/17/1964,2500000,124881062,122381062
Kill Bill: Vol. 2,4/16/2004,30000000,152159461,122159461
Scream 3,2/3/2000,40000000,161834276,121834276
Porky's,11/13/1981,4000000,125728258,121728258
Sausage Party,7/11/2016,19000000,140705322,121705322
Sleepers,10/18/1996,44000000,165615285,121615285
Yogi Bear,12/11/2010,80000000,201584141,121584141
Under Siege,10/8/1992,35000000,156563139,121563139
50 First Dates,2/13/2004,75000000,196482882,121482882
Mr. Deeds,6/28/2002,50000000,171269535,121269535
Midnight in Paris,5/11/2011,30000000,151119219,121119219
Superman Returns,6/28/2006,270000000,391081192,121081192
Hop,3/30/2011,63000000,183953723,120953723
葉問3,12/19/2015,36000000,156844753,120844753
Anger Management,4/11/2003,75000000,195745823,120745823
Johnny English,4/6/2003,40000000,160583018,120583018
Hannah Montana: The Movie,4/10/2009,35000000,155545279,120545279
The Muppets,11/22/2011,45000000,165184237,120184237
Shall We Dance?,10/15/2004,50000000,170128460,120128460
Phenomenon,7/5/1996,32000000,152036382,120036382
Let's Be Cops,8/13/2014,17000000,136621271,119621271
La Marche de l'empereur,1/26/2005,8000000,127392239,119392239
Ghost Rider,2/16/2007,110000000,228738393,118738393
Sin City,4/1/2005,40000000,158733820,118733820
Sense and Sensibility,12/13/1995,16500000,135000000,118500000
The Artist,5/15/2011,15000000,133432856,118432856
Rush Hour 3,8/8/2007,140000000,258022233,118022233
The Town,9/15/2010,37000000,154026136,117026136
Blazing Saddles,2/7/1974,2600000,119500000,116900000
17 Again,3/11/2009,20000000,136267476,116267476
Rocky,11/21/1976,1000000,117235147,116235147
The Expendables 3,8/4/2014,90000000,206172544,116172544
Saw 3D,10/21/2010,20000000,136150434,116150434
The Italian Job,5/30/2003,60000000,176070171,116070171
Lost in Translation,8/31/2003,4000000,119723856,115723856
Assassin's Creed,12/21/2016,125000000,240697856,115697856
The Jungle Book 2,2/7/2003,20000000,135680000,115680000
The Heat,6/27/2013,43000000,158674180,115674180
Another 48 Hrs.,6/8/1990,38000000,153518974,115518974
Friends with Benefits,7/21/2011,35000000,150483765,115483765
Source Code,3/30/2011,32000000,147332697,115332697
Johnny English Reborn,9/15/2011,45000000,160078586,115078586
The Dictator,5/15/2012,65000000,179379533,114379533
After Earth,5/30/2013,130000000,243843127,113843127
Batman & Robin,6/20/1997,125000000,238207122,113207122
Seven Pounds,12/18/2008,55000000,168167691,113167691
Fahrenheit 9/11,6/25/2004,6000000,119114517,113114517
Spy Kids,3/18/2001,35000000,147934180,112934180
Die Hard,7/15/1988,28000000,140767956,112767956
Bringing Down the House,3/7/2003,20000000,132675402,112675402
Storks,9/22/2016,70000000,182379278,112379278
Open Season,9/29/2006,85000000,197309027,112309027
A Time to Kill,7/24/1996,40000000,152266007,112266007
Mean Girls,4/30/2004,17000000,129042871,112042871
End of Days,11/24/1999,100000000,211989043,111989043
The Hateful Eight,12/25/2015,44000000,155760117,111760117
Antz,10/2/1998,60000000,171757863,111757863
Monster-in-Law,5/13/2005,43000000,154749918,111749918
The Rocky Horror Picture Show,8/14/1975,1200000,112892319,111692319
You Don't Mess with the Zohan,6/5/2008,90000000,201596308,111596308
War Horse,12/25/2011,66000000,177584879,111584879
Poltergeist,6/4/1982,10700000,122200000,111500000
The Ring Two,3/17/2005,50000000,161451538,111451538
Vantage Point,2/1/2008,40000000,151161491,111161491
The Accountant,10/14/2016,44000000,155160045,111160045
Final Destination 5,8/12/2011,47000000,157887643,110887643
The Woman in Black,2/1/2012,17000000,127730736,110730736
Rango,3/2/2011,135000000,245724603,110724603
Robin Hood,5/12/2010,200000000,310669540,110669540
Teenage Mutant Ninja Turtles: Out of the Shadows,6/1/2016,135000000,245623848,110623848
Into the Storm,8/6/2014,50000000,160602194,110602194
The Collector,7/9/2009,3400000,114000000,110600000
Babel,9/8/2006,25000000,135330182,110330182
Starsky & Hutch,3/5/2004,60000000,170268750,110268750
First Blood,10/22/1982,15000000,125212904,110212904
The SpongeBob SquarePants Movie,11/14/2004,30000000,140161792,110161792
Alien³,5/22/1992,50000000,159773545,109773545
The Piano,5/19/1993,7000000,116700000,109700000
The Ten Commandments,10/5/1956,13000000,122700000,109700000
Lone Survivor,12/24/2013,40000000,149295601,109295601
The Holiday,12/8/2006,85000000,194168700,109168700
Star Trek IV: The Voyage Home,11/25/1986,24000000,133000000,109000000
Baywatch,5/12/2017,69000000,177856751,108856751
Diamonds Are Forever,12/13/1971,7200000,116019547,108819547
Hot Shots! Part Deux,5/21/1993,25000000,133752825,108752825
The Theory of Everything,11/26/2014,15000000,123726688,108726688
The Purge: Election Year,6/29/2016,10000000,118587880,108587880
I Know What You Did Last Summer,10/17/1997,17000000,125586134,108586134
借りぐらしのアリエッティ,7/16/2010,37000000,145570827,108570827
Fried Green Tomatoes,12/27/1991,11000000,119418501,108418501
The Queen,9/15/2006,15000000,123384128,108384128
Hulk,6/19/2003,137000000,245360480,108360480
The Longest Yard,5/19/2005,82000000,190320568,108320568
The Santa Clause 2,10/31/2002,65000000,172855065,107855065
Double Jeopardy,9/24/1999,70000000,177841558,107841558
The Green Hornet,1/12/2011,120000000,227817248,107817248
Clash of the Titans,4/1/2010,125000000,232713139,107713139
Magic Mike XXL,7/1/2015,14800000,122513057,107713057
Step Up Revolution,7/26/2012,33000000,140470746,107470746
PK,12/18/2014,13000000,120000000,107000000
Remember the Titans,9/29/2000,30000000,136706683,106706683
Last Vegas,10/31/2013,28000000,134402450,106402450
Dr. Dolittle 2,6/22/2001,70000000,176104344,106104344
Sleepy Hollow,11/18/1999,100000000,206071502,106071502
One Flew Over the Cuckoo's Nest,11/18/1975,3000000,108981275,105981275
Music and Lyrics,2/9/2007,40000000,145896422,105896422
Trainwreck,7/17/2015,35000000,140795793,105795793
Déjà Vu,11/22/2006,75000000,180557550,105557550
Knowing,3/19/2009,50000000,155446362,105446362
The Big Short,12/11/2015,28000000,133346506,105346506
The Scorpion King,4/16/2002,60000000,165333180,105333180
The Wedding Singer,2/13/1998,18000000,123306987,105306987
The Patriot,6/28/2000,110000000,215294342,105294342
Lethal Weapon,3/6/1987,15000000,120207127,105207127
A Perfect World,11/24/1993,30000000,135130999,105130999
Billy Elliot,5/18/2000,5000000,110000000,105000000
Daddy Day Care,5/3/2003,60000000,164433867,104433867
Crimson Tide,5/12/1995,53000000,157387195,104387195
Mortal Kombat,8/18/1995,18000000,122195920,104195920
The Beach,2/11/2000,40000000,144056873,104056873
Star Trek: The Motion Picture,12/6/1979,35000000,139000000,104000000
Star Trek: First Contact,11/21/1996,46000000,150000000,104000000
"\"劇場版ポケットモンスター 幻のポケモン ルギア爆�?\"\"Ash Ketchum must put his skill to the test when he attempts to save the world from destruction. The Greedy Pokemon collector Lawrence III throws the universe into chaos after disrupting the balance of nature by capturing one of the Pokemon birds that rule the elements of fire\"",7/17/1999,30000000,133949270,103949270
Focus,2/25/2015,50100000,153962963,103862963
Road Trip,5/19/2000,16000000,119754278,103754278
Resident Evil: Extinction,9/20/2007,45000000,148412065,103412065
The Happening,6/11/2008,60000000,163403799,103403799
Beethoven's 2nd,12/14/1993,15000000,118243066,103243066
Scent of a Woman,12/23/1992,31000000,134095253,103095253
Saw V,10/23/2008,10800000,113857533,103057533
Saw,10/1/2004,1200000,103911669,102711669
명량,7/30/2014,9500000,112156811,102656811
Step Up,8/11/2006,12000000,114194847,102194847
Jack Reacher: Never Go Back,10/19/2016,60000000,162146076,102146076
The Shallows,6/24/2016,17000000,119100758,102100758
You Only Live Twice,6/12/1967,9500000,111584787,102084787
Demolition Man,10/8/1993,57000000,159055768,102055768
Fun with Dick and Jane,12/21/2005,100000000,202026112,102026112
Congo,6/9/1995,50000000,152022101,102022101
About a Boy,4/26/2002,27000000,129000000,102000000
Sweeney Todd: The Demon Barber of Fleet Street,12/20/2007,50000000,152000000,102000000
The Towering Inferno,12/14/1974,14000000,116000000,102000000
The Iron Lady,12/30/2011,13000000,114956699,101956699
The Graduate,12/21/1967,3000000,104945305,101945305
Couples Retreat,9/19/2009,70000000,171844840,101844840
Wayne's World,2/14/1992,20000000,121697323,101697323
Gothika,11/21/2003,40000000,141591324,101591324
Superbad,8/17/2007,20000000,121463226,101463226
The League of Extraordinary Gentlemen,7/11/2003,78000000,179265204,101265204
AVP: Alien vs. Predator,8/12/2004,70000000,171183863,101183863
Daredevil,2/14/2003,78000000,179179718,101179718
Planes: Fire & Rescue,7/17/2014,50000000,151165787,101165787
I Now Pronounce You Chuck & Larry,7/12/2007,85000000,186072214,101072214
Shallow Hal,11/1/2001,40000000,141069860,101069860
Blade II,3/22/2002,54000000,155010032,101010032
Road to Perdition,7/12/2002,80000000,181001478,101001478
Doctor Zhivago,12/22/1965,11000000,111858363,100858363
Unknown,2/16/2011,30000000,130786397,100786397
The Devil Inside,1/6/2012,1000000,101758490,100758490
Broken Arrow,2/9/1996,50000000,150270147,100270147
Goosebumps,8/5/2015,58000000,158162788,100162788
World Trade Center,8/9/2006,63000000,162945894,99945894
Maid in Manhattan,12/13/2002,55000000,154906693,99906693
The Purge: Anarchy,7/17/2014,9000000,108782847,99782847
Mad Max,4/12/1979,400000,100000000,99600000
The Jackal,11/14/1997,60000000,159330280,99330280
The Help,8/9/2011,25000000,124272124,99272124
Atonement,8/29/2007,30000000,129266061,99266061
The Secret of My Success,4/10/1987,12000000,110996879,98996879
102 Dalmatians,10/7/2000,85000000,183611771,98611771
Ouija,10/24/2014,5000000,103590271,98590271
Unbroken,12/25/2014,65000000,163442937,98442937
Pitch Perfect,9/28/2012,17000000,115350426,98350426
Kramer vs. Kramer,12/18/1979,8000000,106260000,98260000
Big Momma's House 2,1/26/2006,40000000,138259062,98259062
The Secret Life of Walter Mitty,12/18/2013,90000000,188133322,98133322
Eagle Eye,9/25/2008,80000000,178066569,98066569
Mirror Mirror,3/15/2012,85000000,183018522,98018522
Flubber,11/26/1997,80000000,177977226,97977226
Days of Thunder,6/27/1990,60000000,157920733,97920733
Disturbia,4/12/2007,20000000,117760134,97760134
Hide and Seek,1/27/2005,25000000,122644820,97644820
The Texas Chainsaw Massacre,10/17/2003,9500000,107071655,97571655
Out of Africa,12/20/1985,31000000,128499205,97499205
Nanny McPhee,10/21/2005,25000000,122489822,97489822
Date Night,4/8/2010,55000000,152263880,97263880
Jackass 3D,10/15/2010,20000000,117224271,97224271
Eyes Wide Shut,7/14/1999,65000000,162091208,97091208
Analyze This,3/5/1999,80000000,176885658,96885658
Butch Cassidy and the Sundance Kid,9/23/1969,6000000,102308889,96308889
School of Rock,10/3/2003,35000000,131282949,96282949
Mary Poppins,8/27/1964,6000000,102272727,96272727
Scary Movie 2,7/4/2001,45000000,141220678,96220678
Tropic Thunder,8/9/2008,92000000,188072649,96072649
The Bounty Hunter,3/16/2010,40000000,136000000,96000000
The Devil's Advocate,10/17/1997,57000000,152944660,95944660
Dark Shadows,5/8/2012,150000000,245527149,95527149
Insidious,9/13/2010,1500000,97009150,95509150
Hollow Man,8/4/2000,95000000,190213455,95213455
Parental Guidance,12/25/2012,25000000,119772232,94772232
I Am Number Four,2/18/2011,50000000,144492830,94492830
Insidious: Chapter 3,6/4/2015,10000000,104303851,94303851
The Omen,6/6/2006,25000000,119188334,94188334
This Is the End,6/12/2013,32000000,126041322,94041322
Battleship,4/11/2012,209000000,303025485,94025485
Death Becomes Her,7/30/1992,55000000,149022650,94022650
Cold Mountain,12/24/2003,79000000,173013509,94013509
Earth,4/22/2007,15000000,109000000,94000000
Six Days Seven Nights,6/12/1998,70000000,164000000,94000000
Alien,5/25/1979,11000000,104931801,93931801
Gangs of New York,12/14/2002,100000000,193772504,93772504
No se Aceptan Devoluciones,7/20/2013,5500000,99067206,93567206
Sideways,10/22/2004,16000000,109502303,93502303
The Visit,9/10/2015,5000000,98450062,93450062
10 Cloverfield Lane,3/10/2016,15000000,108286421,93286421
She's All That,1/29/1999,10000000,103166989,93166989
Pride & Prejudice,9/16/2005,28000000,121147947,93147947
Zero Dark Thirty,12/19/2012,40000000,132820716,92820716
Final Destination 3,2/10/2006,25000000,117719158,92719158
Little Miss Sunshine,7/26/2006,8000000,100523181,92523181
The Haunted Mansion,11/25/2003,90000000,182290266,92290266
Ace Ventura: Pet Detective,2/4/1994,15000000,107217396,92217396
Ghost Rider: Spirit of Vengeance,12/10/2011,57000000,149217355,92217355
Alien: Resurrection,11/12/1997,70000000,162000000,92000000
This Means War,2/14/2012,65000000,156974557,91974557
Crash,1/13/2004,6500000,98410061,91910061
Anaconda,4/11/1997,45000000,136885767,91885767
Sea of Love,9/15/1989,19000000,110879513,91879513
Sultan,7/6/2016,10400000,102000000,91600000
Män som hatar kvinnor,2/27/2009,13000000,104345682,91345682
L.A. Confidential,9/19/1997,35000000,126216940,91216940
Olympus Has Fallen,3/20/2013,70000000,161025640,91025640
The Butler,8/16/2013,25000000,115922175,90922175
The Mexican,3/1/2001,57000000,147845033,90845033
The Man with the Golden Gun,12/1/1974,7000000,97572000,90572000
Airport,3/5/1970,10000000,100489151,90489151
Talladega Nights: The Ballad of Ricky Bobby,8/4/2006,72500000,162966177,90466177
The First Wives Club,9/20/1996,26000000,116400000,90400000
Underworld: Awakening,1/19/2012,70000000,160112671,90112671
Dear John,2/4/2010,25000000,114977104,89977104
Return to Never Land,2/14/2002,20000000,109862682,89862682
Zookeeper,7/6/2011,80000000,169852759,89852759
The General's Daughter,6/18/1999,60000000,149705852,89705852
Julie & Julia,8/6/2009,40000000,129540499,89540499
Heaven is for Real,4/16/2014,12000000,101332962,89332962
Waterworld,7/28/1995,175000000,264218220,89218220
Enter the Dragon,8/17/1973,850000,90000000,89150000
The Amityville Horror,4/15/2005,19000000,108047131,89047131
Flashdance,4/14/1983,4000000,92921203,88921203
The Talented Mr. Ripley,12/25/1999,40000000,128798265,88798265
The Net,7/28/1995,22000000,110627965,88627965
Closer,12/1/2004,27000000,115505027,88505027
Arthur,7/17/1981,7000000,95461682,88461682
The Blues Brothers,6/17/1980,27000000,115229890,88229890
Philomena,11/1/2013,12000000,100129872,88129872
Project X,3/1/2012,12000000,100000000,88000000
風立ちぬ,7/20/2013,30000000,117932401,87932401
Anastasia,11/20/1997,53000000,139804348,86804348
Dilwale Dulhania Le Jayenge,10/20/1995,13200000,100000000,86800000
The Notebook,6/25/2004,29000000,115603229,86603229
Lucy,7/14/2014,40000000,126546825,86546825
Calendar Girls,9/2/2003,10000000,96542059,86542059
The Purge,5/31/2013,3000000,89328627,86328627
Predators,7/3/2010,40000000,126248813,86248813
Blade,8/21/1998,45000000,131183530,86183530
Sex Tape,7/17/2014,40000000,126069509,86069509
Evita,12/14/1996,55000000,141047179,86047179
New Year's Eve,12/8/2011,56000000,142044638,86044638
My Bloody Valentine,1/16/2009,15000000,100734718,85734718
Mechanic: Resurrection,8/25/2016,40000000,125729635,85729635
Justin Bieber: Never Say Never,2/11/2011,13000000,98441954,85441954
Birdman,8/27/2014,18000000,103215094,85215094
Ghostbusters,7/14/2016,144000000,229147509,85147509
The Pianist,9/24/2002,35000000,120072577,85072577
The Monuments Men,1/24/2014,70000000,154984035,84984035
Dreamgirls,12/25/2006,70000000,154937680,84937680
Freddy vs. Jason,8/15/2003,30000000,114908830,84908830
猛龍過江,6/1/1972,130000,85000000,84870000
Get Shorty,10/20/1995,30250000,115101622,84851622
Phone Booth,9/9/2002,13000000,97837138,84837138
Ride Along 2,1/14/2016,40000000,124827316,84827316
Star Trek II: The Wrath of Khan,6/3/1982,12000000,96800000,84800000
Ray,10/29/2004,40000000,124731534,84731534
Bride Wars,1/9/2009,30000000,114663461,84663461
The Phantom of the Opera,12/8/2004,70000000,154648887,84648887
Percy Jackson: Sea of Monsters,8/7/2013,90000000,174578751,84578751
MouseHunt,12/19/1997,38000000,122417389,84417389
Resident Evil: Apocalypse,9/10/2004,45000000,129394835,84394835
Hope Springs,8/7/2012,30000000,114281051,84281051
Freaky Friday,8/3/2003,26000000,110230332,84230332
Think Like a Man,4/16/2012,12000000,96070507,84070507
Bajrangi Bhaijaan,7/17/2015,14000000,98000000,84000000
Four Christmases,11/26/2008,80000000,163733697,83733697
King Arthur,7/7/2004,120000000,203567857,83567857
Just Married,1/9/2003,18000000,101564935,83564935
Blended,5/21/2014,40000000,123494610,83494610
Young Frankenstein,12/15/1974,2800000,86273333,83473333
The 40 Year Old Virgin,8/11/2005,26000000,109449237,83449237
Peter Pan,2/5/1953,4000000,87404651,83404651
The Butterfly Effect,1/22/2004,13000000,96060858,83060858
The Interpreter,4/8/2005,80000000,162944923,82944923
7Aum Arivu,10/26/2011,16000000,98900000,82900000
The Karate Kid,6/22/1984,8000000,90815558,82815558
The Godfather: Part III,12/24/1990,54000000,136766062,82766062
Dirty Grandpa,1/21/2016,11500000,94073028,82573028
Dennis the Menace,6/23/1993,35000000,117270765,82270765
Perfume: The Story of a Murderer,9/13/2006,50000000,132180323,82180323
Star Trek: Generations,11/17/1994,38000000,120000000,82000000
Conan the Destroyer,6/29/1984,18000000,100000000,82000000
Horrible Bosses,7/8/2011,35000000,117000000,82000000
Warm Bodies,1/31/2013,35000000,116980662,81980662
Spy Kids 2: The Island of Lost Dreams,8/7/2002,38000000,119723358,81723358
Pinocchio,2/23/1940,2600000,84300000,81700000
Kingdom of Heaven,5/3/2005,130000000,211643158,81643158
Vicky Cristina Barcelona,8/15/2008,15000000,96408652,81408652
Paranormal Activity: The Marked Ones,1/1/2014,5000000,86362372,81362372
Metropolis,5/26/2001,14500000,95789342,81289342
Blue Jasmine,7/25/2013,18000000,99206215,81206215
White Noise,1/7/2005,10000000,91196419,81196419
Contact,7/11/1997,90000000,171120329,81120329
Fantasia,11/13/1940,2280000,83320000,81040000
The Reader,12/10/2008,32000000,113019290,81019290
Black Hawk Down,12/28/2001,92000000,172989651,80989651
功夫,2/10/2004,20000000,100914445,80914445
A Nightmare on Elm Street,4/30/2010,35000000,115664037,80664037
Evil Dead,4/5/2013,17000000,97542952,80542952
Tammy,7/2/2014,20000000,100525432,80525432
Eight Below,2/17/2006,40000000,120455994,80455994
Predator,6/11/1987,18000000,98235548,80235548
Apocalypto,12/7/2006,40000000,120175290,80175290
Why Him?,12/22/2016,38000000,118034273,80034273
大鱼·海棠,7/8/2016,4531653,84552250,80020597
Airplane!,7/2/1980,3500000,83453539,79953539
The Poseidon Adventure,12/1/1972,5000000,84563118,79563118
Daylight,12/6/1996,80000000,159212469,79212469
The Crow,5/11/1994,15000000,94000000,79000000
Transporter 3,11/26/2008,30000000,108979549,78979549
Zombieland,10/7/2009,23600000,102391382,78791382
Pete's Dragon,8/10/2016,65000000,143695338,78695338
Sanctum,2/3/2011,30000000,108609310,78609310
V for Vendetta,3/15/2006,54000000,132511035,78511035
The Bone Collector,11/4/1999,73000000,151493655,78493655
Failure to Launch,3/10/2006,50000000,128406887,78406887
Species,7/7/1995,35000000,113374103,78374103
M*A*S*H,1/24/1970,3500000,81600000,78100000
Save the Last Dance,1/12/2001,13000000,91038276,78038276
Rocky V,10/18/1990,42000000,119946358,77946358
Tower Heist,11/2/2011,75000000,152930623,77930623
Patton,1/25/1970,12000000,89800000,77800000
Far and Away,5/22/1992,60000000,137783840,77783840
28 Days Later,10/31/2002,5000000,82719885,77719885
The Adjustment Bureau,3/3/2011,50200000,127869379,77669379
Bridge to Terabithia,2/16/2007,60000000,137587063,77587063
Contagion,9/8/2011,60000000,137551594,77551594
Saving Mr. Banks,11/16/2013,35000000,112544580,77544580
괴물,7/27/2006,11000000,88489643,77489643
Backdraft,5/24/1991,75000000,152368585,77368585
Memoirs of a Geisha,12/6/2005,85000000,162242962,77242962
Corpse Bride,9/9/2005,40000000,117195061,77195061
The Book of Eli,1/14/2010,80000000,157107755,77107755
From Russia with Love,10/11/1963,2000000,78898765,76898765
When Harry Met Sally...,7/21/1989,16000000,92823546,76823546
Romancing the Stone,3/30/1984,10000000,86572238,76572238
Bei Jing yu shang Xi Ya Tu,3/20/2013,4881000,81350000,76469000
The Hand that Rocks the Cradle,1/10/1992,11700000,88036683,76336683
The Thomas Crown Affair,8/6/1999,48000000,124305181,76305181
Sliver,5/21/1993,40000000,116300000,76300000
Water for Elephants,3/15/2011,38000000,114156230,76156230
Prisoners,9/18/2013,46000000,122126687,76126687
White Chicks,6/23/2004,37000000,113086475,76086475
The Second Best Exotic Marigold Hotel,2/26/2015,10000000,85978266,75978266
Hitman,11/21/2007,24000000,99965753,75965753
About Schmidt,12/13/2002,30000000,105834556,75834556
Hostel,1/6/2005,4800000,80578934,75778934
Nell,12/23/1994,31000000,106683817,75683817
The Forgotten,9/24/2004,42000000,117575636,75575636
An American Tail,11/21/1986,9000000,84542002,75542002
On Her Majesty's Secret Service,12/12/1969,6500000,81974493,75474493
Hellboy II: The Golden Army,7/11/2008,85000000,160388063,75388063
Stripes,6/25/1981,10000000,85300000,75300000
Working Girl,12/20/1988,28000000,103173635,75173635
Forgetting Sarah Marshall,4/17/2008,30000000,105173115,75173115
About Time,8/16/2013,12000000,87100449,75100449
Sisters,12/18/2015,30000000,105011053,75011053
Spice World,12/19/1997,25000000,100000000,75000000
The Lake House,6/16/2006,40000000,114830111,74830111
The Nutty Professor,6/26/1996,54000000,128769345,74769345
Sinister,3/29/2012,3000000,77712439,74712439
Timecop,9/15/1994,27000000,101646581,74646581
Pineapple Express,8/6/2008,27000000,101624843,74624843
The Lucky One,4/19/2012,25000000,99357138,74357138
Dawn of the Dead,3/19/2004,28000000,102356381,74356381
How to Be Single,1/21/2016,38000000,112343513,74343513
Fiddler on the Roof,11/3/1971,9000000,83304330,74304330
Der Untergang,9/8/2004,18339750,92180910,73841160
Total Recall,8/2/2012,125000000,198802074,73802074
Neighbors 2: Sorority Rising,5/4/2016,35000000,108758521,73758521
Underworld,9/19/2003,22000000,95708457,73708457
Law Abiding Citizen,10/15/2009,53000000,126690726,73690726
Snatch,9/1/2000,10000000,83557872,73557872
Paper Towns,6/18/2015,12000000,85512300,73512300
The Fast and the Furious: Tokyo Drift,6/3/2006,85000000,158468292,73468292
The Strangers,5/29/2008,9000000,82391145,73391145
Vacation,7/28/2015,31000000,104384188,73384188
Bend It Like Beckham,4/11/2002,3500159,76578641,73078482
Escape Plan,10/9/2013,50000000,122915111,72915111
The Forbidden Kingdom,4/18/2008,55000000,127906624,72906624
The Spiderwick Chronicles,2/14/2008,90000000,162839667,72839667
Captain Underpants: The First Epic Movie,6/1/2017,38000000,110824373,72824373
Love & Other Drugs,11/22/2010,30000000,102820008,72820008
Ouija: Origin of Evil,10/20/2016,9000000,81705746,72705746
Volver,3/16/2006,12899867,85582407,72682540
Earthquake,11/15/1974,7000000,79666653,72666653
Primal Fear,4/3/1996,30000000,102616183,72616183
The Client,7/20/1994,45000000,117615211,72615211
First Knight,7/7/1995,55000000,127600435,72600435
The Santa Clause 3: The Escape Clause,11/1/2006,12000000,84500122,72500122
Friday the 13th,2/11/2009,19000000,91379051,72379051
The Magnificent Seven,9/14/2016,90000000,162360636,72360636
The Land Before Time,11/18/1988,12300000,84460846,72160846
The Other Woman,10/28/2010,30000000,102000000,72000000
The Terminator,10/26/1984,6400000,78371200,71971200
The 5th Wave,1/14/2016,38000000,109906372,71906372
Footloose,2/17/1984,8200000,80035402,71835402
Get Hard,3/26/2015,40000000,111811453,71811453
The Jewel of the Nile,12/4/1985,25000000,96773200,71773200
Payback,2/5/1999,90000000,161626121,71626121
"\"धू�?�?\"\"To avenge his father's death\"",12/18/2013,19500000,91000000,71500000
The Possession,8/30/2012,14000000,85446075,71446075
The Cell,8/17/2000,33000000,104155843,71155843
Das Boot,9/16/1981,14000000,85000000,71000000
Vanishing Point,1/15/1971,1300000,72266306,70966306
2 Guns,8/2/2013,61000000,131940411,70940411
My Big Fat Greek Wedding 2,3/23/2016,18000000,88923251,70923251
Blood Diamond,12/7/2006,100000000,170877916,70877916
Jack and Jill,11/11/2011,79000000,149673788,70673788
I Am Sam,12/28/2001,22000000,92542418,70542418
The Rugrats Movie,11/20/1998,30000000,100491683,70491683
The Other Guys,8/6/2010,100000000,170432927,70432927
Match Point,10/26/2005,15000000,85306374,70306374
We Bought a Zoo,12/22/2011,50000000,120081841,70081841
The Rescuers,6/22/1977,1200000,71215869,70015869
Resident Evil,3/15/2002,33000000,102984862,69984862
Star Trek VI: The Undiscovered Country,12/5/1991,27000000,96900000,69900000
Jingle All the Way,11/15/1996,60000000,129832389,69832389
Halloween,10/25/1978,300000,70000000,69700000
1408,7/12/2007,25000000,94679598,69679598
The Prestige,10/19/2006,40000000,109676311,69676311
Paul Blart: Mall Cop 2,4/16/2015,38000000,107597242,69597242
Safe Haven,2/7/2013,28000000,97594140,69594140
Office Christmas Party,11/25/2016,45000000,114501299,69501299
The Emperor's New Groove,12/9/2000,100000000,169327687,69327687
Act of Valor,2/24/2012,12000000,81272766,69272766
Allegiant,3/9/2016,110000000,179246868,69246868
Beverly Hills Cop III,5/24/1994,50000000,119208989,69208989
Once Upon a Time in Mexico,9/11/2003,29000000,98185582,69185582
Cheaper by the Dozen 2,12/21/2005,60000000,129181830,69181830
Unfaithful,5/10/2002,50000000,119137784,69137784
Lemony Snicket's A Series of Unfortunate Events,12/16/2004,140000000,209073645,69073645
Star Trek III: The Search for Spock,5/31/1984,18000000,87000000,69000000
Coyote Ugly,7/30/2000,45000000,113916474,68916474
Annie,12/19/2014,65000000,133821816,68821816
John Wick,10/22/2014,20000000,88761661,68761661
The Fighter,12/17/2010,25000000,93617009,68617009
Hot Fuzz,2/14/2007,12000000,80573774,68573774
Spotlight,11/6/2015,20000000,88346473,68346473
Confessions of a Shopaholic,2/5/2009,40000000,108332743,68332743
Kick-Ass,3/22/2010,28000000,96188903,68188903
Paranormal Activity: The Ghost Dimension,10/21/2015,10000000,78096553,68096553
A Perfect Murder,6/5/1998,60000000,128038368,68038368
Lobo Guerreiro,4/2/2015,12000000,80000000,68000000
Das Leben der Anderen,3/15/2006,2000000,70000000,68000000
Michael Clayton,9/28/2007,25000000,92991835,67991835
Gosford Park,11/7/2001,19800000,87754044,67954044
If I Stay,8/21/2014,11000000,78874843,67874843
Unstoppable,11/4/2010,100000000,167805466,67805466
The Heartbreak Kid,10/5/2007,60000000,127766650,67766650
Insomnia,5/24/2002,46000000,113714830,67714830
King Kong,9/8/1976,23000000,90614445,67614445
Life As We Know It,10/2/2010,38000000,105610124,67610124
WarGames,6/3/1983,12000000,79567667,67567667
Jaws 3-D,3/16/1983,20500000,87987055,67487055
A League of Their Own,7/1/1992,40000000,107458785,67458785
The Legend of Zorro,10/24/2005,75000000,142400065,67400065
The A-Team,6/10/2010,110000000,177238796,67238796
Frankenstein,11/4/1994,45000000,112006296,67006296
Executive Decision,3/15/1996,55000000,121969216,66969216
Easy A,9/10/2010,8000000,74952305,66952305
Ghajini,12/25/2008,9100000,76000000,66900000
The Hundred-Foot Journey,8/6/2014,22000000,88880821,66880821
48 Hrs.,12/7/1982,12000000,78868508,66868508
Epic Movie,1/25/2007,20000000,86865564,66865564
The Naked Gun: From the Files of Police Squad!,12/2/1988,12000000,78756177,66756177
Money Monster,5/12/2016,27000000,93282604,66282604
John Q,2/15/2002,36000000,102244770,66244770
Nerve,7/27/2016,19000000,85241496,66241496
Le Dîner de cons,4/15/1998,12500000,78599508,66099508
Atlantis: The Lost Empire,6/2/2001,120000000,186053725,66053725
Romeo Must Die,3/20/2000,25000000,91036760,66036760
Manchester by the Sea,11/18/2016,9000000,75026965,66026965
The Last Exorcism,8/27/2010,1800000,67738090,65938090
Are We There Yet?,1/20/2005,32000000,97918663,65918663
Lilo & Stitch,6/21/2002,80000000,145771527,65771527
My Sister's Keeper,6/26/2009,30000000,95714875,65714875
Horrible Bosses 2,11/26/2014,42000000,107670357,65670357
U-571,4/20/2000,62000000,127666415,65666415
Stardust,8/9/2007,70000000,135560026,65560026
A Nightmare on Elm Street 4: The Dream Master,8/19/1988,7000000,72500000,65500000
Deep Impact,5/8/1998,75000000,140464664,65464664
Waiting to Exhale,12/22/1995,16000000,81452156,65452156
Cruel Intentions,3/5/1999,10500000,75902208,65402208
The Sorcerer's Apprentice,7/13/2010,150000000,215283742,65283742
Halloween,8/31/2007,15000000,80253908,65253908
Monster House,7/21/2006,75000000,140175006,65175006
The Whole Nine Yards,2/18/2000,41300000,106371651,65071651
War Room,8/28/2015,3000000,67790117,64790117
Wall Street: Money Never Sleeps,9/2/2010,70000000,134748021,64748021
No Reservations,7/25/2007,28000000,92601050,64601050
Coraline,2/5/2009,60000000,124596398,64596398
Anchorman: The Legend of Ron Burgundy,7/9/2004,26000000,90574188,64574188
The Cider House Rules,12/17/1999,24000000,88545092,64545092
Tooth Fairy,1/14/2010,48000000,112462508,64462508
Final Destination 2,1/31/2003,26000000,90426405,64426405
Street Fighter,12/22/1994,35000000,99423521,64423521
Role Models,2/3/2008,28000000,92380927,64380927
Uncle Buck,8/16/1989,15000000,79258538,64258538
El laberinto del fauno,5/27/2006,19000000,83258226,64258226
Premonition,2/8/2007,20000000,84146832,64146832
Ferris Bueller's Day Off,6/11/1986,6000000,70136369,64136369
Casino,11/22/1995,52000000,116112375,64112375
Surf's Up,6/8/2007,85000000,149044513,64044513
The Naked Gun 2½: The Smell of Fear,6/28/1991,23000000,86930411,63930411
Blade: Trinity,12/8/2004,65000000,128905366,63905366
Space Cowboys,7/31/2000,65000000,128884132,63884132
Barbershop,4/1/2002,12000000,75781642,63781642
Racing Stripes,1/6/2005,30000000,93772522,63772522
The Ides of March,9/24/2011,12500000,75993061,63493061
Striptease,6/28/1996,50000000,113309743,63309743
Rambo,1/24/2008,50000000,113244290,63244290
Step Brothers,7/25/2008,65000000,128107642,63107642
Nim's Island,4/3/2008,37000000,100076342,63076342
The Water Horse,12/25/2007,40000000,103071443,63071443
Old School,2/21/2003,24000000,87055349,63055349
Drive,8/6/2011,15000000,78054825,63054825
The Animal,6/1/2001,22000000,84772742,62772742
Stomp the Yard,5/16/2007,13000000,75511123,62511123
Bring It On,8/25/2000,28000000,90449929,62449929
Invictus,12/10/2009,60000000,122233971,62233971
The Time Traveler's Wife,8/14/2009,39000000,101229792,62229792
Dante's Peak,2/7/1997,116000000,178127760,62127760
All the President's Men,4/4/1976,8500000,70600000,62100000
Master and Commander: The Far Side of the World,11/14/2003,150000000,212011111,62011111
シン・ゴジラ,7/29/2016,15000000,77000000,62000000
Conspiracy Theory,8/7/1997,75000000,136982834,61982834
Unfriended,4/17/2015,1000000,62882090,61882090
Splash,3/9/1984,8000000,69821334,61821334
Jackass Number Two,9/22/2006,11000000,72778712,61778712
Southpaw,6/15/2015,30000000,91709827,61709827
TMNT,3/23/2007,34000000,95608995,61608995
Benvenuti al sud,10/1/2010,4000000,65584679,61584679
Lara Croft Tomb Raider: The Cradle of Life,7/21/2003,95000000,156505388,61505388
Seven Years in Tibet,9/12/1997,70000000,131457682,61457682
Underworld: Evolution,1/12/2006,50000000,111340801,61340801
Seabiscuit,7/22/2003,87000000,148336445,61336445
United 93,4/28/2006,15000000,76286096,61286096
K-9,4/28/1989,17000000,78247647,61247647
Shaft,6/15/2000,46000000,107196498,61196498
Purple Rain,7/27/1984,7200000,68392977,61192977
Pain & Gain,4/18/2013,25000000,86175291,61175291
Moonlight,10/21/2016,4000000,65046687,61046687
3 Idiots,12/23/2009,9000000,70000000,61000000
Drag Me to Hell,3/15/2009,30000000,90810892,60810892
The Lazarus Effect,1/29/2015,3300000,64110728,60810728
The Dukes of Hazzard,8/5/2005,50000000,110803676,60803676
Diary of a Wimpy Kid,3/19/2010,15000000,75700498,60700498
Vampires Suck,8/18/2010,20000000,80547866,60547866
The Unborn,1/9/2009,16000000,76514050,60514050
Poltergeist,5/20/2015,35000000,95437994,60437994
Munich,12/22/2005,70000000,130358911,60358911
Riddick,9/2/2013,38000000,98337295,60337295
Man on Fire,4/23/2004,70000000,130293714,60293714
Identity,4/25/2003,30000000,90259536,60259536
Moneyball,9/22/2011,50000000,110206216,60206216
Legend of the Guardians: The Owls of Ga'Hoole,7/10/2010,80000000,140073390,60073390
Atomic Blonde,7/26/2017,30000000,90007945,60007945
Baahubali: The Beginning,7/10/2015,40000000,100000000,60000000
Intolerable Cruelty,9/2/2003,60000000,119940815,59940815
Training Day,10/5/2001,45000000,104876233,59876233
Ghost in the Shell,3/29/2017,110000000,169801921,59801921
Star Wars: The Clone Wars,8/5/2008,8500000,68282844,59782844
The Wedding Planner,1/26/2001,35000000,94728529,59728529
Going in Style,4/6/2017,25000000,84618541,59618541
Todo sobre mi madre,4/19/1999,8272296,67872296,59600000
Never Been Kissed,4/9/1999,25000000,84565230,59565230
Point Break,7/12/1991,24000000,83531958,59531958
13 Going on 30,4/13/2004,37000000,96455697,59455697
The Game,9/12/1997,50000000,109423648,59423648
Jackass: The Movie,10/21/2002,5000000,64282312,59282312
Friday the 13th,5/9/1980,550000,59754601,59204601
Piranha 3D,8/20/2010,24000000,83188165,59188165
Conan the Barbarian,4/2/1982,20000000,79114085,59114085
The Rite,1/28/2011,37000000,96047633,59047633
Charlotte's Web,12/15/2006,85000000,144000000,59000000
The Crying Game,9/2/1992,3705538,62548947,58843409
Dr. No,10/4/1962,950000,59600000,58650000
Spy Kids: All the Time in the World,8/18/2011,27000000,85564310,58564310
Urban Legend,9/25/1998,14000000,72527595,58527595
Dolphin Tale,9/23/2011,37000000,95404397,58404397
Scary Movie 5,4/11/2013,20000000,78378744,58378744
The Pirates! In an Adventure with Scientists!,3/12/2012,60000000,118338361,58338361
Beetlejuice,2/29/1988,15000000,73326666,58326666
DragonHeart,5/31/1996,57000000,115267375,58267375
Nanny McPhee and the Big Bang,3/26/2010,35000000,93246388,58246388
2001: A Space Odyssey,4/10/1968,10500000,68700000,58200000
The Omen,6/6/1976,2800000,60922980,58122980
Rings,2/1/2017,25000000,83080890,58080890
Changeling,1/30/2008,55000000,113020255,58020255
Apocalypse Now,8/15/1979,31500000,89460381,57960381
Miracles from Heaven,3/17/2016,16000000,73883359,57883359
A Haunted House,1/11/2013,2500000,60141683,57641683
The Nightmare Before Christmas,10/9/1993,18000000,75634409,57634409
Paul,2/14/2011,40000000,97552050,57552050
The Constant Gardener,8/31/2005,25000000,82466670,57466670
Risky Business,8/5/1983,6200000,63541777,57341777
The Three Musketeers,8/31/2011,75000000,132274484,57274484
Saw VI,10/22/2009,11000000,68233629,57233629
Old Dogs,11/24/2009,35000000,92219310,57219310
The Name of the Rose,9/24/1986,20000000,77200000,57200000
Scream 4,4/11/2011,40000000,97138686,57138686
The Pacifier,3/4/2005,56000000,113006880,57006880
The Last Witch Hunter,10/21/2015,90000000,146936910,56936910
Skyline,11/11/2010,10000000,66821036,56821036
The Wedding Ringer,1/16/2015,23000000,79799880,56799880
Dick Tracy,6/15/1990,47000000,103738726,56738726
Witness,2/8/1985,12000000,68706993,56706993
Journey to the Center of the Earth,7/10/2008,45000000,101702060,56702060
8MM,2/26/1999,40000000,96618699,56618699
天將雄師,2/19/2015,65000000,121545703,56545703
Underworld: Rise of the Lycans,1/22/2009,35000000,91353501,56353501
Groundhog Day,2/11/1993,14600000,70906973,56306973
Race to Witch Mountain,3/12/2009,50000000,106303988,56303988
To Rome with Love,4/20/2012,17000000,73244881,56244881
Hard Target,8/20/1993,18000000,74189677,56189677
Lost in Space,4/3/1998,80000000,136159423,56159423
Jimmy Neutron: Boy Genius,12/21/2001,25000000,80936232,55936232
The Cable Guy,6/10/1996,47000000,102825796,55825796
Gandhi,11/30/1982,22000000,77737889,55737889
The Rookie,3/25/2002,20000000,75597042,55597042
The Call,3/14/2013,13000000,68572378,55572378
The Getaway,12/13/1972,3352254,58831997,55479743
Begin Again,9/7/2013,8000000,63464861,55464861
What Lies Beneath,7/21/2000,100000000,155464351,55464351
Chappie,3/4/2015,49000000,104399548,55399548
White House Down,6/27/2013,150000000,205366737,55366737
Watchmen,3/5/2009,130000000,185258983,55258983
Hereafter,10/15/2010,50000000,105197635,55197635
The Princess Diaries 2: Royal Engagement,8/6/2004,40000000,95149435,55149435
Diary of a Wimpy Kid: Dog Days,8/2/2012,22000000,77112176,55112176
My Fair Lady,10/21/1964,17000000,72070731,55070731
42,4/12/2013,40000000,95020213,55020213
Free Birds,10/30/2013,55000000,110000000,55000000
The Gods Must Be Crazy,9/10/1980,5000000,60000000,55000000
Lawrence of Arabia,12/10/1962,15000000,69995385,54995385
A Fish Called Wanda,7/15/1988,7500000,62493712,54993712
Courage Under Fire,7/4/1996,46000000,100860818,54860818
The Golden Child,12/12/1986,25000000,79817939,54817939
Meet the Spartans,1/24/2008,30000000,84646831,54646831
The Best Man Holiday,11/15/2013,17000000,71625195,54625195
The Hills Have Eyes,3/10/2006,15000000,69623713,54623713
Open Water,8/6/2004,130000,54667954,54537954
The Hitchhiker's Guide to the Galaxy,1/15/2005,50000000,104478416,54478416
The Blue Lagoon,7/5/1980,4500000,58853106,54353106
Dawn of the Dead,9/2/1978,650000,55000000,54350000
The Boy,1/22/2016,10000000,64188367,54188367
The Cannonball Run,6/19/1981,18000000,72179579,54179579
Sicario,9/17/2015,30000000,84025816,54025816
The Gift,7/30/2015,5000000,58978653,53978653
Obsessed,4/24/2009,20000000,73830340,53830340
Fargo,4/5/1996,7000000,60611975,53611975
Bad Santa,11/26/2003,23000000,76488889,53488889
Chariots of Fire,5/15/1981,5500000,58972904,53472904
The Kite Runner,10/14/2007,20000000,73276047,53276047
(500) Days of Summer,7/17/2009,7500000,60722734,53222734
Transporter 2,8/2/2005,32000000,85167639,53167639
My Cousin Vinny,3/13/1992,11000000,64088552,53088552
This Is 40,12/20/2012,35000000,88058786,53058786
Teenage Mutant Ninja Turtles II: The Secret of the Ooze,3/22/1991,25000000,78000000,53000000
Meet Joe Black,11/12/1998,90000000,142940100,52940100
Big Fish,12/25/2003,70000000,122919055,52919055
Secret Window,3/12/2004,40000000,92913171,52913171
In the Name of the Father,12/12/1993,13000000,65796862,52796862
Blue Streak,9/17/1999,65000000,117758500,52758500
Firefox,6/13/1982,18000000,70687344,52687344
Guess Who's Coming to Dinner,12/11/1967,4000000,56666667,52666667
A Knight's Tale,5/11/2001,65000000,117487473,52487473
Pokémon 3: The Movie,7/8/2000,16000000,68411275,52411275
Pokémon 3: The Movie,7/8/2000,16000000,68411275,52411275
Carrie,10/16/2013,30000000,82394288,52394288
Monster,11/16/2003,8000000,60378584,52378584
Last Action Hero,6/18/1993,85000000,137298489,52298489
The Grey,1/26/2012,25000000,77278331,52278331
Moonrise Kingdom,5/16/2012,16000000,68263166,52263166
Eternal Sunshine of the Spotless Mind,3/19/2004,20000000,72258126,52258126
Rush,9/2/2013,38000000,90247624,52247624
There Will Be Blood,12/28/2007,25000000,77208711,52208711
鐵道飛虎,12/23/2016,50000000,102205175,52205175
Coal Miner's Daughter,3/7/1980,15000000,67182787,52182787
Elizabeth,9/13/1998,30000000,82150642,52150642
Wild Wild West,6/29/1999,170000000,222104681,52104681
Sliding Doors,4/23/1998,6000000,58000000,52000000
When a Stranger Calls,2/3/2006,15000000,66966987,51966987
Behind Enemy Lines,11/17/2001,40000000,91753202,51753202
The Aristocats,12/23/1970,4000000,55675257,51675257
Fletch,5/31/1985,8000000,59612888,51612888
Diary of a Wimpy Kid: Rodrick Rules,3/25/2011,21000000,72417394,51417394
Collateral Beauty,12/6/2016,36000000,87416021,51416021
Sky High,7/29/2005,35000000,86369815,51369815
The Untouchables,6/2/1987,25000000,76270454,51270454
Madea's Family Reunion,2/24/2006,6000000,57231524,51231524
Austin Powers: International Man of Mystery,5/2/1997,16500000,67683989,51183989
Brooklyn,10/20/2015,11000000,62076141,51076141
A Cinderella Story,7/10/2004,19000000,70067909,51067909
Spy Game,11/18/2001,92000000,143049560,51049560
Boyz n the Hood,7/12/1991,6500000,57504069,51004069
Mighty Morphin Power Rangers: The Movie,6/30/1995,15000000,66000000,51000000
Taxi 3,1/29/2003,14500000,65497208,50997208
Anacondas: The Hunt for the Blood Orchid,8/26/2004,20000000,70992898,50992898
The Devil's Own,3/12/1997,90000000,140807547,50807547
Ирония судьбы. Продолжение,12/21/2007,5000000,55635037,50635037
Without a Paddle,8/20/2004,19000000,69631118,50631118
Woman in Gold,4/10/2015,11000000,61619773,50619773
The Breakfast Club,2/15/1985,1000000,51525171,50525171
Not Another Teen Movie,12/7/2001,16000000,66468332,50468332
The Royal Tenenbaums,10/5/2001,21000000,71441250,50441250
Max Payne,10/15/2008,35000000,85416905,50416905
Dallas Buyers Club,9/7/2013,5000000,55198285,50198285
The Taking of Pelham 1 2 3,6/11/2009,100000000,150166126,50166126
The Saint,4/3/1997,68000000,118063304,50063304
Get Him to the Greek,6/4/2010,40000000,90029656,50029656
Don't Say a Word,9/28/2001,50000000,100020092,50020092
Stuart Little 2,7/19/2002,120000000,169956806,49956806
Changing Lanes,4/7/2002,45000000,94935764,49935764
Trading Places,6/7/1983,40600000,90400000,49800000
Letters from Iwo Jima,12/19/2006,19000000,68673228,49673228
The Boss,4/7/2016,29000000,78636257,49636257
J. Edgar,11/9/2011,35000000,84606030,49606030
The Huntsman: Winter's War,4/6/2016,115000000,164602163,49602163
Serendipity,10/5/2001,28000000,77516304,49516304
Dragon: The Bruce Lee Story,5/7/1993,14000000,63513743,49513743
No Escape,8/26/2015,5000000,54418872,49418872
Wag the Dog,12/25/1997,15000000,64256513,49256513
28 Weeks Later,4/26/2007,15000000,64238440,49238440
Jeepers Creepers,7/1/2001,10000000,59217789,49217789
The Danish Girl,11/27/2015,15000000,64191523,49191523
August: Osage County,12/26/2013,25000000,74188937,49188937
Crossroads,2/15/2002,12000000,61141030,49141030
The Newton Boys,3/26/1998,27000000,76000000,49000000
The Skeleton Key,7/29/2005,43000000,91974818,48974818
Next Friday,1/12/2000,11000000,59827328,48827328
Deuce Bigalow: Male Gigolo,12/10/1999,17000000,65535067,48535067
Quartet,9/8/2012,11000000,59520298,48520298
The Boy Next Door,1/23/2015,4000000,52425855,48425855
The Perfect Guy,9/11/2015,12000000,60273173,48273173
The Boxtrolls,9/10/2014,60000000,108255770,48255770
Bonnie and Clyde,7/18/1967,2500000,50700000,48200000
Nacho Libre,6/16/2006,32000000,80197993,48197993
Down and Out in Beverly Hills,1/31/1986,14000000,62134225,48134225
Season of the Witch,1/7/2011,40000000,88100000,48100000
Spartacus,10/6/1960,12000000,60000000,48000000
Star Trek: Insurrection,12/10/1998,70000000,118000000,48000000
Fantastic Four,8/5/2015,120000000,167977596,47977596
Spawn,7/31/1997,40000000,87840042,47840042
La Bamba,7/24/1987,6500000,54215416,47715416
The Transporter Refueled,9/3/2015,25000000,72629670,47629670
Silent Hill,4/21/2006,50000000,97607453,47607453
공조,1/18/2017,8520000,56100000,47580000
The Number 23,2/23/2007,30000000,77566815,47566815
Snowpiercer,8/1/2013,39200000,86758912,47558912
Commando,10/3/1985,10000000,57500000,47500000
Chi bi,7/10/2008,80341000,127814609,47473609
The Book of Life,10/1/2014,50000000,97437106,47437106
Four Brothers,8/11/2005,45000000,92374674,47374674
Wild Things,3/20/1998,20000000,67200000,47200000
Boogeyman,2/4/2005,20000000,67192859,47192859
Red Riding Hood,3/11/2011,42000000,89162162,47162162
Hall Pass,2/25/2011,36000000,83160734,47160734
ParaNorman,8/3/2012,60000000,107139399,47139399
Abduction,9/22/2011,35000000,82087155,47087155
Home Alone 3,12/12/1997,32000000,79082515,47082515
Barbershop 2:  Back in Business,1/20/2004,18000000,65070412,47070412
Hitman: Agent 47,8/20/2015,35000000,81967450,46967450
The Illusionist,8/18/2006,40000000,86915017,46915017
Selma,12/25/2014,20000000,66787908,46787908
Dragnet,6/25/1987,20000000,66673516,46673516
The Siege,11/6/1998,70000000,116672912,46672912
Coach Carter,1/14/2005,30000000,76669806,46669806
Krampus,11/26/2015,15000000,61548707,46548707
Walking With Dinosaurs,12/18/2013,80000000,126546518,46546518
Bewitched,6/21/2005,85000000,131426169,46426169
National Lampoon's Vacation,7/28/1983,15000000,61399552,46399552
Open Range,8/29/2003,22000000,68296293,46296293
War Dogs,8/17/2016,40000000,86234523,46234523
Leaving Las Vegas,10/27/1995,3600000,49800000,46200000
Think Like a Man Too,6/20/2014,24000000,70181428,46181428
The Thin Red Line,12/25/1998,52000000,98126565,46126565
Jeepers Creepers 2,8/8/2003,17000000,63102666,46102666
Underworld: Blood Wars,11/28/2016,35000000,81093313,46093313
The Counselor,10/25/2013,25000000,71009334,46009334
ゲド戦記,7/29/2006,22000000,68000000,46000000
Pet Sematary,4/21/1989,11500000,57469467,45969467
The American President,11/17/1995,62000000,107879496,45879496
Black Mass,9/4/2015,53000000,98837872,45837872
The China Syndrome,3/16/1979,5900000,51718367,45818367
Son of God,2/28/2014,22000000,67800064,45800064
Napoleon Dynamite,6/11/2004,400000,46118097,45718097
Galaxy Quest,12/23/1999,45000000,90683916,45683916
Sudden Impact,12/7/1983,22000000,67642693,45642693
The Fly,8/15/1986,15000000,60629159,45629159
Street Kings,4/10/2008,20000000,65569869,45569869
30 Days of Night,10/17/2007,30000000,75505973,45505973
The American,8/31/2010,20000000,65464324,45464324
The House Bunny,8/22/2008,25000000,70442940,45442940
The Lincoln Lawyer,3/17/2011,40000000,85412898,45412898
An Inconvenient Truth,1/24/2006,1000000,46243000,45243000
Any Given Sunday,12/16/1999,55000000,100230832,45230832
Gangster Squad,1/10/2013,60000000,105200903,45200903
Along Came a Spider,4/6/2001,60000000,105178561,45178561
Swordfish,6/7/2001,102000000,147080413,45080413
Valley of the Dolls,12/27/1967,5000000,50000000,45000000
Sleeping Beauty,1/28/1959,6000000,51000000,45000000
The Money Pit,3/15/1986,10000000,54999651,44999651
Dog Day Afternoon,8/11/1975,1800000,46665856,44865856
Just Like Heaven,9/16/2005,58000000,102854431,44854431
The Bank Job,2/28/2008,20000000,64822796,44822796
The Prince of Tides,12/25/1991,30000000,74787599,44787599
The Men Who Stare at Goats,10/17/2009,24000000,68729358,44729358
Honey,11/24/2003,18000000,62646763,44646763
Made of Honor,5/2/2008,40000000,84601681,44601681
Silver Streak,12/3/1976,6500000,51079064,44579064
써니,5/4/2011,3550000,48000000,44450000
One Day,3/2/2011,15000000,59389433,44389433
Under Siege 2: Dark Territory,7/13/1995,60000000,104324083,44324083
National Lampoon's Christmas Vacation,12/1/1989,27000000,71320000,44320000
The Eye,2/1/2008,12000000,56309766,44309766
Frida,8/29/2002,12000000,56298474,44298474
Stand by Me,8/22/1986,8000000,52287414,44287414
Escape from New York,5/22/1981,6000000,50244700,44244700
Deliverance,7/30/1972,2000000,46122355,44122355
Mike and Dave Need Wedding Dates,7/7/2016,33000000,77068246,44068246
Charlie Wilson's War,12/19/2007,75000000,119000410,44000410
Airport 1975,10/18/1974,3000000,47000000,44000000
Syriana,11/23/2005,50000000,94000000,44000000
Chennai Express,8/9/2013,18000000,62000000,44000000
Throw Momma from the Train,12/11/1987,14000000,57915972,43915972
Bull Durham,6/15/1988,7000000,50888000,43888000
The Time Machine,3/4/2002,80000000,123729176,43729176
प्रे�?रत�?धन पायो,11/11/2015,23400000,67000000,43600000
Dan in Real Life,10/26/2007,25000000,68377859,43377859
The BFG,6/1/2016,140000000,183345589,43345589
Body of Lies,10/10/2008,70000000,113280098,43280098
Abraham Lincoln: Vampire Hunter,6/20/2012,69000000,112265139,43265139
La Guerre du feu,12/15/1981,12000000,55260558,43260558
Oliver & Company,11/18/1988,31000000,74151346,43151346
Always,12/22/1989,31000000,74134790,43134790
Death Wish 2,2/20/1982,2000000,45000000,43000000
Staying Alive,7/11/1983,22000000,64892670,42892670
Sinister 2,8/19/2015,10000000,52882018,42882018
Now You See Me,5/29/2013,75000000,117698894,42698894
The Gallows,7/10/2015,100000,42664410,42564410
Spirit: Stallion of the Cimarron,5/24/2002,80000000,122563539,42563539
Life,3/22/2017,58000000,100541806,42541806
The Goonies,6/6/1985,19000000,61503218,42503218
The Back-Up Plan,4/23/2010,35000000,77477008,42477008
Surrogates,9/24/2009,80000000,122444772,42444772
Bedazzled,10/19/2000,48000000,90383208,42383208
U.S. Marshals,3/6/1998,60000000,102367405,42367405
Power Rangers,3/23/2017,100000000,142337240,42337240
Be Cool,3/4/2005,53000000,95226116,42226116
Bienvenue chez les ch'tis,1/9/2008,11000000,53191886,42191886
Capote,9/30/2005,7000000,49084830,42084830
The Last King of Scotland,9/1/2006,6000000,48027970,42027970
Prophecy,1/1/1979,12000000,54000000,42000000
The Giver,8/11/2014,25000000,66980456,41980456
Legion,1/21/2010,26000000,67918658,41918658
St. Vincent,10/9/2014,13000000,54837234,41837234
Le Pacte des loups,1/31/2001,29000000,70752904,41752904
Hable con ella,3/14/2002,9285469,51001550,41716081
Grand Masti,9/13/2013,5500000,47000000,41500000
Misery,11/28/1990,20000000,61276872,41276872
Papillon,12/13/1973,12000000,53267000,41267000
Into the Wild,9/11/2007,15000000,56255142,41255142
Fool's Gold,2/7/2008,70000000,111231041,41231041
Midnight Cowboy,5/25/1969,3600000,44785053,41185053
Step Up All In,7/16/2014,45000000,86165646,41165646
Joy,12/24/2015,60000000,101134059,41134059
End of Watch,9/20/2012,7000000,48126384,41126384
August Rush,11/21/2007,25000000,66122026,41122026
赤壁 2,1/7/2009,80000000,121059225,41059225
Monster's Ball,11/11/2001,4000000,44909486,40909486
Brick Mansions,4/22/2014,28000000,68896829,40896829
Scarface,12/8/1983,25000000,65884703,40884703
Under the Tuscan Sun,4/30/2003,18000000,58878723,40878723
The Mighty Ducks,10/1/1992,10000000,50752337,40752337
The Age of Adaline,4/16/2015,25000000,65663276,40663276
No Good Deed,9/10/2014,13200000,53830415,40630415
Colors,4/15/1988,6000000,46616067,40616067
Hairspray,7/13/2007,50000000,90450008,40450008
21 Grams,9/6/2003,20000000,60427839,40427839
Fences,12/16/2016,24000000,64414761,40414761
The Count of Monte Cristo,1/23/2002,35000000,75395048,40395048
Boyhood,6/5/2014,4000000,44349000,40349000
Revolutionary Road,12/19/2008,35000000,75225693,40225693
One Hour Photo,8/21/2002,12000000,52223306,40223306
Star Trek V: The Final Frontier,6/9/1989,30000000,70200000,40200000
Why Did I Get Married?,10/12/2007,15000000,55184721,40184721
Blair Witch,9/15/2016,5000000,45172994,40172994
The Longest Yard,8/21/1974,2900000,43008075,40108075
Smokin' Aces,12/9/2006,17000000,57103895,40103895
The Longest Day,9/25/1962,10000000,50100000,40100000
Why Did I Get Married Too?,4/2/2010,20000000,60072596,40072596
Remember Me,3/12/2010,16000000,56032889,40032889
Captain Phillips,10/10/2013,55000000,95000000,40000000
RoboCop,7/17/1987,13000000,53000000,40000000
Selena,3/21/1997,20000000,60000000,40000000
The Dirty Dozen,6/15/1967,5400000,45300000,39900000
Cleopatra,6/12/1963,31115000,71000000,39885000
A Nightmare on Elm Street 3: Dream Warriors,2/27/1987,5000000,44793222,39793222
EverAfter,7/31/1998,26000000,65705772,39705772
What to Expect When You're Expecting,5/17/2012,40000000,79700000,39700000
We Were Soldiers,3/1/2002,75000000,114660784,39660784
From Hell,10/19/2001,35000000,74558115,39558115
Footloose,10/6/2011,24000000,63543328,39543328
Luftslottet som sprängdes,11/27/2009,4000000,43498108,39498108
Kiss of the Dragon,7/6/2001,25000000,64437847,39437847
The French Connection,10/9/1971,1800000,41158757,39358757
Nutty Professor II: The Klumps,7/27/2000,84000000,123307945,39307945
New Jack City,3/8/1991,8500000,47624253,39124253
The Mist,11/21/2007,18000000,57096190,39096190
Oculus,9/8/2013,5000000,44030246,39030246
Still Alice,12/5/2014,5000000,43884652,38884652
Message in a Bottle,2/22/1999,80000000,118880016,38880016
Major League,2/16/1989,11000000,49797148,38797148
47 Meters Down,6/15/2017,5500000,44235023,38735023
狄仁傑之通天帝國,9/18/2010,13000000,51723285,38723285
The Wrestler,9/7/2008,6000000,44703995,38703995
L'arnacoeur,3/17/2010,8700000,47355187,38655187
The Lizzie McGuire Movie,4/25/2003,17000000,55534455,38534455
The Color of Money,10/7/1986,13800000,52293982,38493982
The X Files: I Want to Believe,7/24/2008,30000000,68369434,38369434
Shanghai Knights,2/6/2003,50000000,88323487,38323487
Yeh Jawaani Hai Deewani,5/31/2013,7700000,46000000,38300000
Funny Girl,9/19/1968,14000000,52223306,38223306
Сталинград,10/9/2013,30000000,68129518,38129518
Contraband,1/12/2012,25000000,63100000,38100000
Halloween: H20,8/5/1998,17000000,55041738,38041738
Hotel for Dogs,1/16/2009,35000000,73034460,38034460
Amistad,12/3/1997,36000000,74000000,38000000
The Verdict,12/8/1982,16000000,53977250,37977250
Big Fat Liar,2/8/2002,15000000,52970014,37970014
Savages,7/6/2012,45000000,82966152,37966152
Agneepath,1/25/2012,11097000,49028000,37931000
Beyond the Valley of the Dolls,7/17/1970,2090000,40000000,37910000
Fight Club,10/15/1999,63000000,100853753,37853753
Firewall,2/10/2006,45000000,82800000,37800000
West Side Story,10/18/1961,6000000,43656822,37656822
Little Man,8/31/2006,64000000,101595121,37595121
Drumline,12/13/2002,20000000,57588485,37588485
Tremors,1/19/1990,11000000,48572000,37572000
Precious,11/6/2009,10000000,47536959,37536959
RV,4/28/2006,50000000,87528173,37528173
Wild,12/5/2014,15000000,52501541,37501541
Rat Race,7/30/2001,48000000,85498534,37498534
10 Things I Hate About You,3/30/1999,16000000,53478166,37478166
Mirrors,8/15/2008,35000000,72436439,37436439
Des hommes et des dieux,5/18/2010,4000000,41424067,37424067
Hard to Kill,2/9/1990,10000000,47410000,37410000
House at the End of the Street,9/21/2012,6900000,44287131,37387131
Time Bandits,7/13/1981,5000000,42365581,37365581
Kokowääh,2/2/2011,5650000,43000000,37350000
The Shack,3/3/2017,20000000,57330873,37330873
The Enforcer,12/20/1976,9000000,46236000,37236000
Frequency,4/28/2000,31000000,68106245,37106245
Takers,8/26/2010,32000000,69055695,37055695
Finding Forrester,12/21/2000,43000000,80049764,37049764
Doctor Who,3/31/1996,5000000,42000000,37000000
The Island,7/20/2005,126000000,162949164,36949164
The Witch,2/19/2016,3500000,40423945,36923945
Superman III,6/17/1983,39000000,75850624,36850624
The Return of the Pink Panther,5/21/1975,5000000,41833347,36833347
Bullitt,10/17/1968,5500000,42300873,36800873
Mannequin,2/13/1987,6000000,42721196,36721196
S.W.A.T.,8/8/2003,80000000,116643346,36643346
Tom Jones,10/6/1963,1000000,37600000,36600000
About Last Night,2/14/2014,12500000,49002684,36502684
Bajirao Mastani,12/18/2015,19500000,56000000,36500000
The Cabin in the Woods,4/12/2012,30000000,66486080,36486080
Miracle,2/6/2004,28000000,64445708,36445708
Paycheck,12/25/2003,60000000,96269812,36269812
Адмиралъ,6/6/2008,2000000,38135878,36135878
Hoodwinked!,12/16/2005,15000000,51053787,36053787
Around the World in Eighty Days,10/17/1956,6000000,42000000,36000000
Rear Window,8/1/1954,1000000,36764313,35764313
Broken Flowers,5/17/2005,10000000,45742101,35742101
Norbit,2/8/2007,60000000,95673607,35673607
Astérix aux Jeux Olympiques,1/13/2008,97250400,132900000,35649600
The Born Losers,8/18/1967,360000,36000000,35640000
எந்திரன்,10/1/2010,26400000,62000000,35600000
The Last of the Mohicans,9/25/1992,40000000,75505856,35505856
Flatliners,8/9/1990,26000000,61489265,35489265
Derailed,11/11/2005,22000000,57479076,35479076
Dhoom 2,11/24/2006,11000000,46396427,35396427
The Lady in the Van,11/13/2015,6000000,41387687,35387687
La mala educación,3/19/2004,5000000,40266982,35266982
Child's Play,11/8/1988,9000000,44196684,35196684
The Sword and the Sorcerer,4/1/1982,4000000,39103425,35103425
The Black Stallion,10/17/1979,2700000,37799643,35099643
21 & Over,3/1/2013,13000000,48065672,35065672
Barbershop: The Next Cut,4/15/2016,20000000,55030051,35030051
The DUFF,2/20/2015,8500000,43528634,35028634
Dilwale,12/18/2015,26000000,61000000,35000000
Escape from Alcatraz,6/22/1979,8000000,43000000,35000000
How the West Was Won,11/1/1962,15000000,50000000,35000000
The Deer Hunter,12/8/1978,15000000,50000000,35000000
Chef,5/8/2014,11000000,45967935,34967935
The Crazies,2/26/2010,20000000,54956140,34956140
Planet 51,11/19/2009,70000000,104945765,34945765
Pee-wee's Big Adventure,7/26/1985,6000000,40940662,34940662
Ultimo tango a Parigi,10/14/1972,1250000,36144000,34894000
21,3/27/2008,35000000,69823199,34823199
The Best Little Whorehouse in Texas,7/23/1982,35000000,69701637,34701637
Shooter,3/22/2007,61000000,95696996,34696996
Дневной дозор,1/1/2006,4200000,38862717,34662717
The Darkest Hour,12/22/2011,30000000,64626786,34626786
Escape from Planet Earth,2/14/2013,40000000,74597643,34597643
Milk,11/26/2008,20000000,54586584,34586584
The Godfather: Part II,12/20/1974,13000000,47542841,34542841
Allied,11/17/2016,85000000,119520023,34520023
Burlesque,11/23/2010,55000000,89519773,34519773
Notes on a Scandal,12/25/2006,15000000,49469904,34469904
Recess: School's Out,1/27/2001,10000000,44460850,34460850
The Imaginarium of Doctor Parnassus,10/1/2009,30000000,64352607,34352607
License to Wed,7/4/2007,35000000,69307224,34307224
Annie Hall,4/19/1977,4000000,38251425,34251425
Magic in the Moonlight,7/25/2014,16800000,51029361,34229361
Good Luck Chuck,9/21/2007,25000000,59192128,34192128
Red Dawn,8/10/1984,4200000,38376497,34176497
Unlawful Entry,6/26/1992,23000000,57138719,34138719
Marked for Death,10/5/1990,12000000,46044400,34044400
The Women,9/12/2008,16000000,50007546,34007546
விஸ்வரூபம்,1/25/2013,17000000,51000000,34000000
Ghoulies,11/8/1984,1000000,35000000,34000000
Amadeus,10/26/1984,18000000,51973029,33973029
We Own the Night,5/25/2007,21000000,54926886,33926886
Guess Who,3/25/2005,35000000,68915888,33915888
Woodstock,3/26/1970,600000,34505110,33905110
Caddyshack,7/25/1980,6000000,39846344,33846344
Baby Mama,4/23/2008,30000000,63833449,33833449
Hanna,4/7/2011,30000000,63782078,33782078
Marmaduke,6/4/2010,50000000,83761844,33761844
The Judge,10/8/2014,50000000,83719388,33719388
Hannah and Her Sisters,2/7/1986,6400000,40084041,33684041
The Grudge 3,5/12/2009,5000000,38610009,33610009
The Little Prince,7/29/2015,64000000,97571250,33571250
Kiss the Girls,10/3/1997,27000000,60527873,33527873
Courageous,9/30/2011,1000000,34522221,33522221
Whale Rider,1/30/2003,8000000,41400000,33400000
Cats & Dogs,7/4/2001,60000000,93375151,33375151
Side Effects,2/7/2013,30000000,63372757,33372757
Two Weeks Notice,12/19/2002,60000000,93354918,33354918
Ghost Ship,10/25/2002,35000000,68349884,33349884
Hellboy,4/2/2004,66000000,99318987,33318987
National Lampoon’s Van Wilder,3/29/2002,5000000,38275483,33275483
The Man from U.N.C.L.E.,8/13/2015,75000000,108145109,33145109
"\"कि�?\"\"An adrenaline junkie walks away from a whirlwind romance and embraces a new life as a thief\"",7/25/2014,22000000,55000000,33000000
Three Kings,9/27/1999,75000000,108000000,33000000
Edward Scissorhands,12/5/1990,20000000,53000000,33000000
Fireproof,9/26/2008,500000,33456317,32956317
Darkman,8/24/1990,16000000,48878502,32878502
Zoolander,9/28/2001,28000000,60780981,32780981
Kick-Ass 2,7/17/2013,28000000,60700000,32700000
Midnight Express,9/12/1978,2300000,35000000,32700000
Friday the 13th Part III,8/13/1982,4000000,36690067,32690067
Runner Runner,9/24/2013,30000000,62616646,32616646
Set It Off,11/6/1996,9000000,41590886,32590886
Crazy Heart,12/16/2009,7000000,39462438,32462438
Bachelor Party,6/29/1984,6000000,38435947,32435947
The Fourth Kind,11/6/2009,10000000,42333295,32333295
Silent Hill: Revelation 3D,10/10/2012,20000000,52302796,32302796
Earth to Echo,6/14/2014,13000000,45300000,32300000
The Wedding Date,2/4/2005,15000000,47175038,32175038
Hannibal Rising,2/6/2007,50000000,82169884,32169884
Single White Female,8/14/1992,16000000,48017402,32017402
Carrie,11/3/1976,1800000,33800000,32000000
The Greatest Show on Earth,1/10/1952,4000000,36000000,32000000
Dirty Harry,12/21/1971,4000000,35976000,31976000
El secreto de sus ojos,8/13/2009,2000000,33965843,31965843
The Object of My Affection,4/17/1998,15000000,46905889,31905889
The Robe,9/16/1953,4100000,36000000,31900000
Red Eye,8/4/2005,26000000,57891803,31891803
Hachi: A Dog's Tale,6/13/2009,16000000,47801389,31801389
Land of the Dead,6/24/2005,15000000,46770602,31770602
Young Guns,8/12/1988,13000000,44726644,31726644
Biloxi Blues,3/25/1988,20000000,51684798,31684798
The Salvation,5/22/2014,10500000,42070000,31570000
Bowling for Columbine,10/9/2002,4000000,35564473,31564473
Tombstone,12/25/1993,25000000,56505065,31505065
Harold & Kumar Escape from Guantanamo Bay,4/25/2008,12000000,43493123,31493123
Cradle 2 the Grave,2/28/2003,25000000,56489558,31489558
Cellular,9/6/2004,25000000,56422687,31422687
Daybreakers,1/6/2009,20000000,51416464,31416464
Mars Attacks!,12/12/1996,70000000,101371017,31371017
Friday Night Lights,10/8/2004,30000000,61255921,31255921
Broadcast News,12/16/1987,20000000,51249404,31249404
The Kids Are All Right,7/9/2010,3500000,34705850,31205850
Psycho,6/16/1960,806948,32000000,31193052
The Big Lebowski,3/6/1998,15000000,46189568,31189568
50/50,9/30/2011,8000000,39187783,31187783
Jumping the Broom,5/6/2011,6600000,37710610,31110610
The Wizard of Oz,8/15/1939,2777000,33754967,30977967
Strictly Ballroom,8/20/1992,3000000,33946224,30946224
Crank,8/31/2006,12000000,42931041,30931041
Doubt,11/27/2008,20000000,50907234,30907234
2016: Obama's America,7/13/2012,2500000,33400000,30900000
Snake Eyes,8/7/1998,73000000,103891409,30891409
Harlem Nights,11/17/1989,30000000,60864870,30864870
The Switch,5/11/2010,19000000,49830607,30830607
South Pacific,3/18/1958,6000000,36800000,30800000
Agent Cody Banks,3/14/2003,28000000,58795814,30795814
Do the Right Thing,6/30/1989,6500000,37295445,30795445
The Texas Chain Saw Massacre,10/1/1974,85000,30859000,30774000
Memento,10/11/2000,9000000,39723096,30723096
The Mortal Instruments: City of Bones,8/21/2013,60000000,90565421,30565421
The Last Boy Scout,12/11/1991,29000000,59509925,30509925
Day of the Dead,7/19/1985,3500000,34000000,30500000
Great Expectations,1/19/1998,25000000,55494066,30494066
Bill & Ted's Excellent Adventure,2/17/1989,10000000,40485039,30485039
Gifted,4/12/2017,7000000,37461045,30461045
Muppets Most Wanted,3/20/2014,50000000,80383290,30383290
Friday the 13th: The Final Chapter,4/13/1984,2600000,32980880,30380880
My Name Is Khan,2/12/2010,12000000,42345360,30345360
Final Destination,3/16/2000,23000000,53302314,30302314
Blow,4/4/2001,53000000,83282296,30282296
A Walk to Remember,1/25/2002,11000000,41227069,30227069
Nightcrawler,10/23/2014,8500000,38697217,30197217
Rosemary's Baby,6/12/1968,3200000,33395426,30195426
Pitch Black,2/18/2000,23000000,53187659,30187659
La Vérité si je Mens ! 2,2/7/2001,12560000,42700000,30140000
Boomerang,6/30/1992,40000000,70100000,30100000
The Forest,1/7/2016,10000000,40055439,30055439
A Walk in the Clouds,8/11/1995,20000000,50012507,30012507
Gabbar Is Back,5/1/2015,11000000,41000000,30000000
Exit Wounds,3/13/2001,50000000,79958599,29958599
Night of the Living Dead,10/1/1968,114000,30000000,29886000
Lake Placid,7/15/1999,27000000,56870414,29870414
Cop Land,8/15/1997,15000000,44862187,29862187
Can't Buy Me Love,8/14/1987,1800000,31623833,29823833
She's Out of My League,3/11/2010,20000000,49779728,29779728
Out of Sight,6/26/1998,48000000,77745568,29745568
Casino Royale,4/13/1967,12000000,41744718,29744718
Psycho II,6/3/1983,5000000,34725000,29725000
Giant,10/10/1956,5400000,35000000,29600000
Salmon Fishing in the Yemen,9/10/2011,5000000,34564651,29564651
Devil's Due,1/8/2014,7000000,36433975,29433975
Room,10/16/2015,6000000,35401758,29401758
Thelma & Louise,5/24/1991,16000000,45361000,29361000
Full Metal Jacket,6/26/1987,17000000,46357676,29357676
Sudden Death,12/22/1995,35000000,64350171,29350171
Lucky Number Slevin,2/24/2006,27000000,56308881,29308881
"\"도가�?\"\"Based on actual events that took place at Gwangju Inhwa School for the hearing-impaired\"",9/22/2011,2200000,31500000,29300000
Léon,9/14/1994,16000000,45284974,29284974
Tommy,3/19/1975,5000000,34251525,29251525
Happy Gilmore,2/16/1996,12000000,41205099,29205099
The In-Laws,6/15/1979,9000000,38200000,29200000
Soul Surfer,4/8/2011,18000000,47088990,29088990
Passenger 57,11/5/1992,15000000,44065653,29065653
Cabin Fever,8/15/2003,1500000,30553394,29053394
The Evil Dead,10/15/1981,350000,29400000,29050000
Snakes on a Plane,8/6/2006,33000000,62022014,29022014
The Longest Ride,4/9/2015,34000000,63013281,29013281
Benvenuti al nord,1/18/2012,6000000,35000000,29000000
Enemy at the Gates,3/13/2001,68000000,96976270,28976270
[REC],4/10/2007,1500000,30448000,28948000
Jaws: The Revenge,7/17/1987,23000000,51881013,28881013
Quarantine,10/10/2008,12000000,40855419,28855419
From Here to Eternity,8/28/1953,1650000,30500000,28850000
Wall Street,12/10/1987,15000000,43848069,28848069
Miami Vice,7/27/2006,135000000,163794509,28794509
House of Wax,4/30/2005,40000000,68766121,28766121
Death Race,8/22/2008,45000000,73762516,28762516
A Bridge Too Far,6/15/1977,22000000,50750000,28750000
A History of Violence,9/23/2005,32000000,60740827,28740827
Point Break,12/3/2015,105000000,133718711,28718711
Absence of Malice,12/18/1981,12000000,40716963,28716963
What About Bob?,5/17/1991,35000000,63710000,28710000
My Week with Marilyn,10/17/2011,6400000,35057696,28657696
Y tu mamá también,6/8/2001,5000000,33616692,28616692
Om Shanti Om,11/7/2007,9100000,37707444,28607444
Hot Tub Time Machine,3/26/2010,36000000,64572262,28572262
Date Movie,2/17/2006,20000000,48548426,28548426
The Lovely Bones,12/26/2009,65000000,93525586,28525586
Super Size Me,1/17/2004,65000,28575078,28510078
Cloud Atlas,10/26/2012,102000000,130482868,28482868
Carol,11/20/2015,11800000,40272135,28472135
Must Love Dogs,7/21/2005,30000000,58405313,28405313
Dead Man Walking,12/29/1995,11000000,39363635,28363635
Lions for Lambs,10/22/2007,35000000,63215872,28215872
Madea's Big Happy Family,4/22/2011,25000000,53213633,28213633
The Fog,10/14/2005,18000000,46201432,28201432
Boogie Nights,9/11/1997,15000000,43101594,28101594
The Outlaw Josey Wales,6/30/1976,3700000,31800000,28100000
Death at a Funeral,4/15/2010,21000000,49050886,28050886
Bob & Carol & Ted & Alice,9/17/1969,2000000,30000000,28000000
A Walk in the Woods,9/2/2015,8000000,35991087,27991087
The Pink Panther Strikes Again,12/15/1976,6000000,33833201,27833201
The Last Picture Show,10/3/1971,1300000,29133000,27833000
Nine Lives,8/3/2016,30000000,57814445,27814445
Ночной дозор,6/27/2004,4200000,32000000,27800000
State of Play,4/17/2009,60000000,87784194,27784194
The Nanny Diaries,8/24/2007,20000000,47738099,27738099
Heartbreak Ridge,12/15/1986,15000000,42724017,27724017
Lawless,8/29/2012,26000000,53676580,27676580
Jackie Brown,12/24/1997,12000000,39673162,27673162
High Anxiety,12/25/1977,3400000,31063038,27663038
Planet of the Apes,2/7/1968,5800000,33395426,27595426
Scoop,7/27/2006,4000000,31584901,27584901
Airlift,1/22/2016,4500000,32000000,27500000
Cats & Dogs 2 : The Revenge of Kitty Galore,7/30/2010,85000000,112483764,27483764
The Good Son,9/24/1993,17000000,44456478,27456478
Oliver!,9/26/1968,10000000,37402877,27402877
The Quest,4/19/1996,30000000,57400547,27400547
The Night Before,11/20/2015,25000000,52395996,27395996
Jersey Boys,6/5/2014,40000000,67347013,27347013
Cidade de Deus,2/5/2002,3300000,30641770,27341770
Did You Hear About the Morgans?,12/17/2009,58000000,85280250,27280250
American Psycho,4/13/2000,7000000,34266564,27266564
Porky's II: The Next Day,6/24/1983,6500000,33759266,27259266
Texas Chainsaw 3D,1/3/2013,20000000,47241945,27241945
Dancer in the Dark,5/17/2000,12800000,40031879,27231879
The Secret Life of Bees,9/17/2008,11000000,38105395,27105395
Fletch Lives,3/17/1989,8045760,35150960,27105200
The Hurt Locker,10/10/2008,15000000,42000000,27000000
A Nightmare on Elm Street Part 2: Freddy's Revenge,10/31/1985,3000000,29999213,26999213
Taxi Driver,2/7/1976,1300000,28262574,26962574
Blue Crush,8/8/2002,25000000,51842679,26842679
Space Chimps,7/17/2008,37000000,63800345,26800345
Serpico,12/5/1973,3000000,29800000,26800000
Wolf Creek,1/1/2005,1000000,27762648,26762648
Spring Breakers,1/24/2013,5000000,31724284,26724284
Maximum Risk,9/13/1996,25000000,51702483,26702483
Skiptrace,7/21/2016,32000000,58500000,26500000
The Lord of the Rings,11/15/1978,4000000,30471420,26471420
Movie 43,1/1/2013,6000000,32438988,26438988
Employee of the Month,10/6/2006,12000000,38368909,26368909
गुरु,1/12/2007,4700000,31000000,26300000
Who's Afraid of Virginia Woolf?,6/21/1966,7500000,33736689,26236689
The Walk,9/30/2015,35000000,61181942,26181942
Beastly,1/21/2011,17000000,43165571,26165571
The Doctor,7/24/1991,12000000,38120905,26120905
Clash of the Titans,3/15/1981,15000000,41092328,26092328
The World's End,7/18/2013,20000000,46089287,26089287
Risen,2/19/2016,20000000,46069568,26069568
Shaun of the Dead,4/9/2004,4000000,30039392,26039392
Hostage,3/10/2005,52000000,77944725,25944725
Swimfan,9/6/2002,8500000,34411240,25911240
Brewster's Millions,5/22/1985,20000000,45833132,25833132
Taare Zameen Par,12/21/2007,2600000,28430000,25830000
Populärmusik från Vittula,9/24/2004,2224000,28000000,25776000
Sweet November,2/16/2001,40000000,65754228,25754228
Mar adentro,9/3/2004,12806000,38535221,25729221
The Sweetest Thing,4/12/2002,43000000,68696770,25696770
Out for Justice,4/12/1991,14000000,39673161,25673161
Bride of Chucky,10/16/1998,25000000,50671850,25671850
The Debt,4/11/2010,20000000,45636368,25636368
Three Fugitives,1/27/1989,15000000,40590000,25590000
Hell or High Water,8/12/2016,12000000,37589296,25589296
Cop Out,2/26/2010,30000000,55583804,25583804
The Dark Crystal,12/17/1982,15000000,40577001,25577001
The Best Man,10/22/1999,9000000,34573780,25573780
Vertigo,5/9/1958,2479000,28000000,25521000
The Woman in Black 2: Angel of Death,12/30/2014,1000000,26501323,25501323
Almost Christmas,11/11/2016,17000000,42487325,25487325
La vérité si je mens !,4/1/1997,4000000,29456000,25456000
Love the Coopers,11/12/2015,17000000,42426912,25426912
Hostel: Part II,6/8/2007,10200000,35619521,25419521
Dressed to Kill,6/25/1980,6500000,31899000,25399000
In the Heat of the Night,8/2/1967,2000000,27379978,25379978
Picture Perfect,8/1/1997,19000000,44332015,25332015
The Physician,12/25/2013,32000000,57284237,25284237
The Faculty,12/25/1998,15000000,40283321,25283321
Secretariat,8/20/2010,35000000,60251371,25251371
A Walk Among the Tombstones,9/18/2014,28000000,53181600,25181600
Raising Cain,8/7/1992,12000000,37170057,25170057
Delivery Man,10/10/2013,26000000,51164106,25164106
All About Steve,9/4/2009,15000000,40105542,25105542
Rough Night,6/15/2017,20000000,45056771,25056771
The Shining,5/22/1980,19000000,44017374,25017374
The Ghost and the Darkness,10/11/1996,50000000,75000000,25000000
Something Borrowed,5/5/2011,35000000,59901913,24901913
紅番區,1/30/1995,7500000,32392047,24892047
Jarhead,11/4/2005,72000000,96889998,24889998
Overboard,12/16/1987,1880006,26713187,24833181
The Three Stooges,4/13/2012,30000000,54819301,24819301
The Hills Have Eyes,7/22/1977,230000,25000000,24770000
Friday,4/26/1995,3500000,28215918,24715918
Halloween: Resurrection,7/1/2002,13000000,37664855,24664855
The Great Mouse Detective,7/2/1986,14000000,38625550,24625550
3 Days to Kill,2/14/2014,28000000,52597999,24597999
Urban Legends: Final Cut,9/19/2000,14000000,38574362,24574362
The Roommate,2/4/2011,16000000,40492759,24492759
The Long Kiss Goodnight,10/11/1996,65000000,89456761,24456761
Baby Geniuses,3/12/1999,12000000,36450736,24450736
A Man for All Seasons,12/12/1966,3900000,28350000,24450000
A Serious Man,10/2/2009,7000000,31430334,24430334
Halloween II,8/28/2009,15000000,39421467,24421467
East Is East,5/14/1999,3800000,28200000,24400000
Menace II Society,5/26/1993,3500000,27900000,24400000
A Clockwork Orange,12/18/1971,2200000,26589000,24389000
Her,12/18/2013,23000000,47351251,24351251
Those Magnificent Men in Their Flying Machines or How I Flew from London to Paris in 25 hours 11 minutes,6/3/1965,5600000,29950000,24350000
Garden State,7/28/2004,2500000,26781723,24281723
The Bridge on the River Kwai,10/2/1957,3000000,27200000,24200000
John Carter,3/7/2012,260000000,284139100,24139100
Chinatown,6/20/1974,6000000,30000000,24000000
Airport '77,3/11/1977,6000000,30000000,24000000
Nick and Norah's Infinite Playlist,10/3/2008,9000000,32973937,23973937
Excalibur,4/10/1981,11000000,34967437,23967437
Max,6/26/2015,20000000,43967255,23967255
The Hurricane,9/17/1999,50000000,73956241,23956241
Jobs,8/16/2013,12000000,35931410,23931410
Mad Max Beyond Thunderdome,6/29/1985,12305523,36230219,23924696
The Five-Year Engagement,4/27/2012,30000000,53909751,23909751
The Three Musketeers,11/11/1993,30000000,53898845,23898845
House Party,3/9/1990,2500000,26386000,23886000
Freddy's Dead: The Final Nightmare,9/5/1991,11000000,34872033,23872033
The Lost Boys,7/31/1987,8500000,32222567,23722567
Weekend at Bernie's,7/5/1989,6500000,30218387,23718387
A Nightmare on Elm Street,11/14/1984,1800000,25504513,23704513
The One,11/2/2001,49000000,72700000,23700000
The Outsiders,3/25/1983,10000000,33697647,23697647
Stranger Than Fiction,9/9/2006,30000000,53653224,23653224
Devil,1/13/2010,10000000,33583175,23583175
Les petits mouchoirs,10/20/2010,25000000,48531470,23531470
Judge Dredd,6/30/1995,90000000,113493481,23493481
Arbitrage,9/14/2012,12000000,35485056,23485056
Private Lessons,8/21/1981,2800000,26279000,23479000
The Change-Up,8/5/2011,52000000,75450437,23450437
Sling Blade,8/30/1996,1000000,24444121,23444121
Mother's Day,4/28/2016,25000000,48418160,23418160
T2 Trainspotting,1/27/2017,18000000,41412709,23412709
Peggy Sue Got Married,10/5/1986,18000000,41382841,23382841
Ricki and the Flash,7/10/2015,18000000,41325328,23325328
Raising Arizona,3/1/1987,6000000,29180280,23180280
Killers,6/4/2010,75000000,98159963,23159963
The Mothman Prophecies,1/25/2002,32000000,55157539,23157539
Eddie the Eagle,2/26/2016,23000000,46152411,23152411
House of Wax,4/10/1953,658000,23800000,23142000
葉問2: 宗師傳奇,4/21/2010,12902809,36000000,23097191
The Shadow,7/1/1994,25000000,48063435,23063435
Halloween II,10/30/1981,2500000,25533818,23033818
John Tucker Must Die,7/27/2006,18000000,41009669,23009669
Run Fatboy Run,9/6/2007,10000000,33000000,23000000
Killing Them Softly,9/20/2012,15000000,37930465,22930465
The Transporter,10/2/2002,21000000,43928932,22928932
The Guns of Navarone,4/27/1961,6000000,28900000,22900000
The Reaping,4/5/2007,40000000,62771059,22771059
Child's Play 2,11/9/1990,13000000,35763605,22763605
The Tree of Life,5/18/2011,32000000,54674226,22674226
Mad Max 2,12/24/1981,2000000,24600832,22600832
Fast Times at Ridgemont High,8/13/1982,4500000,27092880,22592880
Notorious,8/15/1946,2000000,24464742,22464742
Desperately Seeking Susan,3/29/1985,5000000,27400000,22400000
Veer-Zaara,11/12/2004,7000000,29385320,22385320
Citizen Kane,4/30/1941,839727,23217674,22377947
Er ist wieder da,10/8/2015,3196621,25513752,22317131
Willow,5/1/1988,35000000,57269863,22269863
Arachnophobia,8/9/1990,31000000,53208180,22208180
Ernest Saves Christmas,11/11/1988,6000000,28202109,22202109
Predator 2,11/20/1990,35000000,57120318,22120318
Some Like It Hot,3/18/1959,2883848,25000000,22116152
The Lawnmower Man,3/5/1992,10000000,32101000,22101000
The Apartment,6/15/1960,3000000,25000000,22000000
Poltergeist II: The Other Side,5/23/1986,19000000,40996665,21996665
Peter Pan,12/25/2003,100000000,121975011,21975011
An American Werewolf in London,8/21/1981,10000000,31973249,21973249
Singham,7/22/2011,3062000,25034000,21972000
Go,4/9/1999,6500000,28451622,21951622
Arthur et les Minimoys,12/13/2006,86000000,107944236,21944236
Inside Llewyn Davis,10/6/2013,11000000,32935319,21935319
The Legend of Boggy Creek,8/1/1972,100000,22000000,21900000
Clerks II,5/25/2006,5000000,26888376,21888376
Ex Machina,1/21/2015,15000000,36869414,21869414
The Joy Luck Club,9/8/1993,11000000,32861136,21861136
Taps,12/20/1981,14000000,35856053,21856053
House on Haunted Hill,10/29/1999,19000000,40846082,21846082
GoodFellas,9/12/1990,25000000,46836394,21836394
High Crimes,4/3/2002,42000000,63781810,21781810
Barnyard,8/4/2006,51000000,72779000,21779000
The Big Parade,11/5/1925,245000,22000000,21755000
Quo Vadis,11/8/1951,8250000,30000000,21750000
The Punisher,4/15/2004,33000000,54700105,21700105
Poseidon,5/12/2006,160000000,181674817,21674817
Dark Skies,2/21/2013,3500000,25174316,21674316
Mr. Brooks,6/1/2007,20000000,41637263,21637263
Never Back Down,3/4/2008,20000000,41627431,21627431
Daddy's Little Girls,2/14/2007,10000000,31609243,21609243
Orphan,7/24/2009,20000000,41596251,21596251
Run All Night,3/11/2015,50000000,71561644,21561644
The Best Years of Our Lives,12/25/1946,2100000,23650000,21550000
This Is Where I Leave You,9/10/2014,19800000,41296320,21496320
An Unmarried Woman,5/26/1978,2515000,24000000,21485000
Neighbors,12/18/1981,8500000,29916207,21416207
Mortal Kombat: Annihilation,11/21/1997,30000000,51376861,21376861
A Lonely Place to Die,4/9/2011,4000000,25345000,21345000
Blind Date,3/27/1987,18000000,39321715,21321715
Missing in Action,11/16/1984,1500000,22812411,21312411
Man of the Year,10/9/2006,20000000,41237648,21237648
The Next Three Days,11/18/2010,30000000,51148651,21148651
The Naked Gun 33�? The Final Insult,3/18/1994,30000000,51132598,21132598
Homefront,11/27/2013,22000000,43058898,21058898
Stigmata,9/10/1999,29000000,50041732,21041732
The Elephant Man,10/2/1980,5000000,26010864,21010864
New in Town,1/30/2009,8000000,29010817,21010817
Teenage Mutant Ninja Turtles III,3/17/1993,21000000,42000000,21000000
The Last Emperor,10/21/1987,23000000,43984230,20984230
Colombiana,7/27/2011,40000000,60965854,20965854
Amour,7/1/2012,8900000,29844753,20944753
The Gauntlet,12/21/1977,5500000,26414658,20914658
Becoming Jane,3/2/2007,16500000,37311672,20811672
White Fang,1/18/1991,14000000,34793160,20793160
Katy Perry: Part of Me,6/28/2012,12000000,32726956,20726956
History of the World: Part I,6/12/1981,11000000,31672907,20672907
Dangerous Liaisons,12/16/1988,14000000,34670720,20670720
When the Bough Breaks,9/9/2016,10000000,30658387,20658387
Dogma,11/12/1999,10000000,30652890,20652890
Apollo 18,7/20/2011,5000000,25562924,20562924
Once,3/23/2007,160000,20710513,20550513
Invasion of the Body Snatchers,12/19/1978,3500000,24046533,20546533
Cinderella Man,6/2/2005,88000000,108539911,20539911
No Way Out,8/14/1987,15000000,35509515,20509515
Ernest Goes to Camp,5/22/1987,3000000,23509382,20509382
"\"バトル・ロワイア�?\"\"In the future\"",12/16/2000,4500000,25000000,20500000
Hotel Rwanda,9/11/2004,17500000,38000000,20500000
The Place Beyond the Pines,3/20/2013,15000000,35485608,20485608
Marie Antoinette,5/24/2006,40000000,60474340,20474340
Friday the 13th Part 2,5/1/1981,1250000,21722776,20472776
Taking Lives,3/19/2004,45000000,65470529,20470529
Ninja Assassin,9/29/2009,40000000,60462347,20462347
Fever Pitch,4/6/2005,30000000,50451307,20451307
Happy Feet Two,11/17/2011,130000000,150406466,20406466
The Ninth Gate,8/24/1999,38000000,58401898,20401898
The Perks of Being a Wallflower,9/20/2012,13000000,33400000,20400000
Bhaag Milkha Bhaag,7/12/2013,4600000,25000000,20400000
The Fog,2/8/1980,1000000,21378361,20378361
Blue Thunder,2/5/1983,22000000,42313354,20313354
The Killing Fields,11/2/1984,14400000,34700291,20300291
Radio,10/24/2003,32000000,52277485,20277485
Dumb and Dumberer: When Harry Met Lloyd,6/13/2003,19000000,39267515,20267515
Project Almanac,1/29/2015,12000000,32248241,20248241
Waitress,5/25/2007,2000000,22179430,20179430
Freedom Writers,1/5/2007,21000000,41170784,20170784
Runaway Jury,10/9/2003,60000000,80154140,20154140
Air Bud,8/1/1997,3000000,23144499,20144499
Whatever Works,6/19/2009,15000000,35097815,20097815
The Great Gatsby,3/27/1974,6500000,26533200,20033200
The Skulls,3/31/2000,15000000,35007180,20007180
The Abyss,8/9/1989,70000000,90000098,20000098
The Rocketeer,6/21/1991,42000000,62000000,20000000
The Natural,5/11/1984,28000000,47951979,19951979
The Rose,11/7/1979,9250000,29174648,19924648
Florence Foster Jenkins,5/6/2016,29000000,48902953,19902953
Network,11/1/1976,3800000,23689877,19889877
Stay Hungry,4/23/1976,5000000,24854765,19854765
Green Lantern,6/16/2011,200000000,219851172,19851172
Curious George,2/10/2006,50000000,69834815,19834815
Race,2/19/2016,5000000,24804129,19804129
Candyman,10/16/1992,6000000,25792310,19792310
Zodiac,3/2/2007,65000000,84785914,19785914
The Caine Mutiny,6/24/1954,2000000,21750000,19750000
Friday the 13th: A New Beginning,3/22/1985,2200000,21930418,19730418
Damien: Omen II,6/9/1978,6800000,26518355,19718355
Crimson Peak,10/13/2015,55000000,74679822,19679822
Como agua para chocolate,4/16/1992,2000000,21665468,19665468
Hoosiers,11/14/1986,9000000,28607524,19607524
Mississippi Burning,12/8/1988,15000000,34604000,19604000
Hawaii,10/10/1966,15000000,34562222,19562222
In Bruges,2/8/2008,15000000,34533783,19533783
The Great Outdoors,6/17/1988,24000000,43455230,19455230
Twilight Zone: The Movie,6/24/1983,10000000,29450919,19450919
The Adventures of Sharkboy and Lavagirl,6/10/2005,50000000,69425966,19425966
13 Hours: The Secret Soldiers of Benghazi,1/13/2016,50000000,69411370,19411370
A Low Down Dirty Shame,11/23/1994,10000000,29392418,19392418
Brown Sugar,10/5/2002,8000000,27362712,19362712
Meet the Robinsons,3/23/2007,150000000,169332978,19332978
The Host,3/22/2013,44000000,63327201,19327201
Sister Act 2: Back in the Habit,12/9/1993,38000000,57319029,19319029
Beasts of the Southern Wild,6/29/2012,1800000,21107746,19307746
Alpha and Omega,9/17/2010,20000000,39300000,19300000
The Bye Bye Man,1/12/2017,7400000,26667197,19267197
Entourage,6/3/2015,30000000,49263404,19263404
Elizabeth: The Golden Age,9/9/2007,55000000,74237563,19237563
Joe,7/15/1970,106000,19319254,19213254
A Passage to India,12/14/1984,8000000,27187653,19187653
The Sword in the Stone,12/25/1963,3000000,22182353,19182353
Johnson Family Vacation,4/7/2004,12000000,31179516,19179516
Seventh Son,12/12/2014,95000000,114178613,19178613
How High,12/21/2001,12000000,31155435,19155435
Defiance,12/31/2008,32000000,51155219,19155219
Tomorrowland,5/19/2015,190000000,209154322,19154322
The Grudge 2,10/13/2006,20000000,39143839,19143839
Bugsy,12/10/1991,30000000,49114016,19114016
The Wood,7/16/1999,6000000,25059640,19059640
Death Wish,7/24/1974,3000000,22000000,19000000
Rumor Has It...,12/23/2005,70000000,88933562,18933562
Amores perros,6/16/2000,2000000,20908467,18908467
Team America: World Police,10/10/2004,32000000,50907422,18907422
Forces of Nature,3/12/1999,75000000,93888180,18888180
Big Eyes,12/24/2014,10000000,28883511,18883511
Snatched,5/3/2017,42000000,60845711,18845711
Ji jie hao,10/9/2007,16000000,34786960,18786960
Morning Glory,1/12/2010,40000000,58785180,18785180
Where the Heart Is,4/27/2000,15000000,33771174,18771174
Honey I Blew Up the Kid,7/16/1992,40000000,58662452,18662452
Because of Winn-Dixie,2/18/2005,14000000,32645546,18645546
The 'Burbs,2/17/1989,18000000,36602000,18602000
The Way Way Back,6/6/2013,4600000,23198652,18598652
An Education,10/29/2009,7500000,26096852,18596852
God's Not Dead 2,4/1/2016,5000000,23507567,18507567
The Fury,3/10/1978,5500000,24000000,18500000
The Warriors,2/8/1979,4000000,22490039,18490039
Jungle Fever,6/7/1991,14000000,32482682,18482682
9,8/19/2009,30000000,48428063,18428063
Desperado,8/25/1995,7000000,25405445,18405445
Yentl,11/18/1983,12000000,30400000,18400000
Keeping Mum,12/2/2005,169000,18564702,18395702
Evolution,6/8/2001,80000000,98376292,18376292
Priest,5/5/2011,60000000,78309131,18309131
Thank You for Smoking,9/5/2005,6500000,24793509,18293509
Crocodile Dundee in Los Angeles,4/12/2001,21150000,39438674,18288674
Love Happens,9/18/2009,18000000,36133014,18133014
Diary of a Wimpy Kid: The Long Haul,5/19/2017,22000000,40120144,18120144
Zack and Miri Make a Porno,9/18/2008,24000000,42105111,18105111
Stay Alive,3/24/2006,9000000,27105095,18105095
Lionheart,6/7/1990,6000000,24078196,18078196
That Awkward Moment,1/29/2014,8000000,26049082,18049082
Sophie's Choice,12/8/1982,12000000,30036000,18036000
Mickey's Christmas Carol,10/19/1983,3000000,21000000,18000000
Legend,9/9/2015,25000000,42972994,17972994
A Room with a View,12/13/1985,3000000,20966644,17966644
American Gigolo,2/8/1980,4800000,22743674,17943674
The Sentinel,4/19/2006,60000000,77920346,17920346
The Fisher King,9/9/1991,24000000,41895491,17895491
Murphy's Romance,12/25/1985,13000000,30867525,17867525
The Fox and the Hound,7/10/1981,12000000,29800000,17800000
Ёлки,12/12/2010,5000000,22772019,17772019
Exodus,3/27/1960,4000000,21750000,17750000
The Last House on the Left,3/13/2009,15000000,32721635,17721635
Breaking Away,5/24/1979,2300000,20000000,17700000
127 Hours,11/5/2010,18000000,35692920,17692920
How Stella Got Her Groove Back,8/14/1998,20000000,37672350,17672350
The Quiet Ones,4/1/2014,200000,17834867,17634867
The Covenant,9/8/2006,20000000,37597471,17597471
The November Man,8/27/2014,15000000,32556119,17556119
Escape to Victory,6/17/1981,10000000,27453418,17453418
Dinner for Schmucks,7/30/2010,69000000,86387857,17387857
The Sisterhood of the Traveling Pants 2,8/6/2008,27000000,44352417,17352417
The Usual Suspects,7/19/1995,6000000,23341568,17341568
Brothers,1/27/2009,26000000,43318349,17318349
The Brothers Grimm,8/26/2005,88000000,105316267,17316267
Экипаж,4/21/2016,10000000,27305571,17305571
Good Guys Wear Black,6/1/1978,1000000,18300000,17300000
Dope,6/19/2015,700000,17986781,17286781
The Spy Next Door,1/15/2010,28000000,45236543,17236543
Sixteen Candles,5/4/1984,6500000,23686027,17186027
Love and Death,6/10/1975,3000000,20173742,17173742
Buried,9/24/2010,1987650,19152480,17164830
The Man from Snowy River,3/2/1982,3500000,20659423,17159423
High Fidelity,3/17/2000,30000000,47126295,17126295
Mrs. Brown's Boys D'Movie,6/27/2014,5900000,23000000,17100000
Uptown Girls,8/15/2003,20000000,37095657,17095657
Postcards from the Edge,9/12/1990,22000000,39071603,17071603
Robin Hood,11/8/1973,15000000,32056467,17056467
Looper,9/26/2012,30000000,47042000,17042000
Valley Girl,4/8/1983,350000,17343596,16993596
The Howling,4/3/1981,1000000,17985893,16985893
I Love Trouble,6/29/1994,45000000,61947267,16947267
The Emoji Movie,7/28/2017,50000000,66913939,16913939
Shane,4/23/1953,3100000,20000000,16900000
Fanaa,5/26/2006,5300000,22175908,16875908
Men of Honor,9/13/2000,32000000,48814909,16814909
The King and I,6/29/1956,4550000,21300000,16750000
Exorcist II: The Heretic,6/17/1977,14000000,30749142,16749142
Hot Pursuit,5/8/2015,35000000,51680201,16680201
Piku,5/8/2015,5500000,22159216,16659216
The Kingdom,8/22/2007,70000000,86658558,16658558
My Best Friend's Girl,9/19/2008,20000000,36620508,16620508
Burnt,10/2/2015,20000000,36606743,16606743
Undercover Brother,5/31/2002,25000000,41604473,16604473
The Hours,12/27/2002,25000000,41597830,16597830
Little Big Man,12/14/1970,15000000,31559552,16559552
A Most Wanted Man,7/25/2014,15000000,31554855,16554855
A Few Best Men,10/14/2011,12468389,29007412,16539023
Kingdom of the Spiders,8/24/1977,500000,17000000,16500000
Billy Madison,2/10/1995,10000000,26488734,16488734
Friday the 13th Part VI: Jason Lives,8/1/1986,3000000,19472057,16472057
Dolphin Tale 2,9/12/2014,36000000,52424533,16424533
Irrational Man,7/17/2015,11000000,27391084,16391084
The Wind That Shakes the Barley,6/23/2006,6500000,22889018,16389018
A Very Harold & Kumar Christmas,11/4/2011,19000000,35387212,16387212
Friday the 13th Part VII: The New Blood,5/13/1988,2800000,19170001,16370001
Sleeper,12/17/1973,2000000,18344729,16344729
Saving Grace,1/24/2000,10000000,26330482,16330482
Vacancy,4/20/2007,19000000,35300645,16300645
Natural Born Killers,8/25/1994,34000000,50282766,16282766
Emma,8/2/1996,6000000,22231658,16231658
Starship Troopers,11/6/1997,105000000,121214377,16214377
Cujo,8/10/1983,5000000,21200000,16200000
Martin Lawrence Live: Runteldat,8/1/2002,3000000,19184015,16184015
Alien Nation,10/7/1988,16000000,32155047,16155047
The Manchurian Candidate,7/30/2004,80000000,96105964,16105964
The Manchurian Candidate,10/24/1962,80000000,96105910,16105910
La Belle et la Bête,2/12/2014,33000000,49100000,16100000
Wrong Turn,5/30/2003,12600000,28650575,16050575
Life of Brian,8/17/1979,4000000,20045115,16045115
Everything You Always Wanted to Know About Sex *But Were Afraid to Ask,8/6/1972,2000000,18016290,16016290
Три богатыря и Шамаханская царица,12/29/2010,3000000,19010585,16010585
Margin Call,9/28/2011,3500000,19504039,16004039
Herbie Fully Loaded,6/22/2005,50000000,66002004,16002004
Logan's Run,6/23/1976,9000000,25000000,16000000
Tron,7/9/1982,17000000,33000000,16000000
Beneath the Planet of the Apes,5/1/1970,3000000,18999718,15999718
Fright Night,8/2/1985,9000000,24922237,15922237
Falling Down,2/26/1993,25000000,40903593,15903593
Black Rain,9/22/1989,30000000,45892212,15892212
The Black Hole,12/18/1979,20000000,35841901,15841901
Houseguest,1/6/1995,10500000,26325256,15825256
A Soldier's Story,9/14/1984,6000000,21821347,15821347
Hugo,11/22/2011,170000000,185770160,15770160
The Last Dragon,3/22/1985,10000000,25754284,15754284
Robin Hood: Men in Tights,7/28/1993,20000000,35739755,15739755
Pay It Forward,10/12/2000,40000000,55707411,15707411
Waiting...,10/7/2005,3000000,18637690,15637690
Tears of the Sun,3/7/2003,70000000,85632458,15632458
Gone Baby Gone,10/19/2007,19000000,34619699,15619699
Can't Hardly Wait,6/12/1998,10000000,25605015,15605015
Hustle & Flow,7/22/2005,8000000,23563727,15563727
Jennifer's Body,9/18/2009,16000000,31556061,15556061
The Tigger Movie,2/11/2000,30000000,45554533,15554533
Sicko,5/18/2007,9000000,24538513,15538513
Ender's Game,10/23/2013,110000000,125537191,15537191
Far from Heaven,9/1/2002,13500000,29027914,15527914
Accepted,8/18/2006,23000000,38505009,15505009
Super Troopers,1/18/2001,3000000,18492362,15492362
A Ghost Story,7/7/2017,100000,15584255,15484255
War,8/24/2007,25000000,40452643,15452643
La Vérité si je Mens ! 3,1/31/2012,25496629,40924982,15428353
Spaceballs,6/24/1987,22700000,38119483,15419483
Now and Then,10/20/1995,12000000,27400000,15400000
The Hitcher,1/19/2007,10000000,25399945,15399945
Concussion,11/12/2015,35000000,50363790,15363790
Secret in Their Eyes,10/14/2015,19500000,34854990,15354990
Extremely Loud & Incredibly Close,12/24/2011,40000000,55247881,15247881
The Fighting Temptations,9/17/2003,15000000,30238577,15238577
The Great Debaters,12/27/2007,15000000,30226144,15226144
The Ghost Writer,2/12/2010,45000000,60222298,15222298
Marathon Man,10/5/1976,6500000,21709020,15209020
Don't Tell Mom the Babysitter's Dead,6/7/1991,10000000,25196249,15196249
Juice,1/17/1992,5000000,20146880,15146880
When the Game Stands Tall,8/22/2014,15000000,30127963,15127963
Double Impact,7/31/1991,15000000,30102717,15102717
Road House,5/19/1989,15000000,30050028,15050028
Sweet Sweetback's Baadasssss Song,4/23/1971,150000,15200000,15050000
3:10 to Yuma,9/6/2007,55000000,70016220,15016220
Breakout,5/21/1975,1000000,16000000,15000000
Sergeant York,7/2/1941,1400000,16361885,14961885
The Beguiled,6/23/2017,10500000,25442939,14942939
Harold & Kumar Go to White Castle,5/30/2004,9000000,23936908,14936908
Nighthawks,3/17/1981,5000000,19905359,14905359
The Princess Bride,9/18/1987,16000000,30857814,14857814
Любовь-морковь 2,12/23/2008,3000000,17850711,14850711
Kahaani,3/9/2012,1200000,16000000,14800000
Ayan,4/3/2009,3230939,18000000,14769061
Sorority Row,9/9/2009,12500000,27206120,14706120
Aashiqui 2,4/25/2013,1300000,16000000,14700000
Small Soldiers,7/10/1998,40000000,54682547,14682547
Swimming Pool,5/18/2003,7800000,22441323,14641323
முதல்வன்,11/7/1999,7400000,22000000,14600000
Drive Me Crazy,10/1/1999,8000000,22593409,14593409
Empire,12/6/2002,4000000,18591272,14591272
Cat on a Hot Tin Roof,2/17/1958,3000000,17570324,14570324
Crank: High Voltage,4/16/2009,20000000,34560577,14560577
Ladder 49,10/1/2004,60000000,74541707,14541707
Parts Per Billion,3/25/2014,500000,15000000,14500000
9 рота,9/19/2005,9500000,24000000,14500000
Dick,8/4/1999,13000000,27500000,14500000
License to Drive,7/6/1988,8000000,22433275,14433275
Melancholia,5/26/2011,7400000,21817298,14417298
Duel in the Sun,12/31/1946,6000000,20400000,14400000
Per qualche dollaro in più,12/18/1965,600000,15000000,14400000
Confessions of a Teenage Drama Queen,2/17/2004,15000000,29331068,14331068
Per un pugno di dollari,9/12/1964,200000,14500000,14300000
The Core,3/28/2003,60000000,74208267,14208267
The Gambler,12/25/2014,25000000,39171130,14171130
Malcolm X,11/18/1992,34000000,48169908,14169908
A Nightmare on Elm Street 5: The Dream Child,8/11/1989,8000000,22168359,14168359
Breakdown,5/2/1997,36000000,50159144,14159144
My Left Foot: The Story of Christy Brown,7/21/1989,645180,14743391,14098211
The 6th Day,11/17/2000,82000000,96085477,14085477
Endless Love,2/12/2014,20000000,34077920,14077920
The Sisterhood of the Traveling Pants,6/1/2005,25000000,39053061,14053061
The Big Hit,4/24/1998,13000000,27007143,14007143
Auf der anderen Seite,9/27/2007,3800000,17804565,14004565
Baggage Claim,9/27/2013,8500000,22456509,13956509
Delhi Belly,7/1/2011,4090000,18035000,13945000
She's the Man,3/17/2006,20000000,33889159,13889159
Jason's Lyric,9/28/1994,7000000,20851521,13851521
Enough,5/24/2002,38000000,51801187,13801187
Adaptation.,12/6/2002,19000000,32801173,13801173
Prom Night,7/18/1980,1000000,14796236,13796236
Kuch Kuch Hota Hai,10/16/1998,1530000,15306000,13776000
Café Society,5/11/2016,30000000,43763247,13763247
Little Shop of Horrors,12/19/1986,25000000,38748395,13748395
The Last Starfighter,7/13/1984,15000000,28733290,13733290
The Incredible Hulk,6/12/2008,150000000,163712074,13712074
The Player,4/3/1992,8000000,21706101,13706101
Elektra,1/13/2005,43000000,56681566,13681566
RED,10/13/2010,58000000,71664962,13664962
Deep Blue Sea,7/28/1999,60000000,73648228,13648228
Joy Ride,10/5/2001,23000000,36642838,13642838
Jack,8/9/1996,45000000,58620973,13620973
Celda 211,11/6/2009,5700000,19300483,13600483
How To Make An American Quilt,10/6/1995,10000000,23574130,13574130
Hellraiser,9/11/1987,1000000,14564027,13564027
The Guard,7/7/2011,6000000,19560274,13560274
Friday After Next,11/22/2002,20000000,33526835,13526835
Poetic Justice,7/23/1993,14000000,27515786,13515786
Reservoir Dogs,9/2/1992,1200000,14661007,13461007
Eega,6/6/2012,5990000,19450000,13460000
The Informant!,9/18/2009,22000000,35424826,13424826
The Invention of Lying,9/13/2009,18500000,31912793,13412793
Baby Boy,6/27/2001,16000000,29381649,13381649
City Heat,12/5/1984,25000000,38348988,13348988
The Great Race,7/1/1965,12000000,25333333,13333333
A Night at the Roxbury,10/1/1998,17000000,30331165,13331165
Million Dollar Arm,5/9/2014,25000000,38307627,13307627
All Dogs Go to Heaven,11/17/1989,13800000,27100027,13300027
Where Eagles Dare,12/4/1968,7700000,21000000,13300000
Before Sunset,2/10/2004,2700000,15992615,13292615
Joe Dirt,4/10/2001,17700000,30987695,13287695
Action Jackson,2/12/1988,7000000,20256975,13256975
Fan,4/15/2016,16000000,29251596,13251596
Private Parts,3/7/1997,28000000,41230799,13230799
Cool Hand Luke,6/22/1967,3000000,16217773,13217773
Children of the Corn,3/9/1984,800000,14000000,13200000
Kickboxer,4/20/1989,1500000,14697005,13197005
Righteous Kill,9/11/2008,60000000,73174566,13174566
The Buddy Holly Story,5/18/1978,1200000,14363400,13163400
Ida,10/25/2013,2159280,15298355,13139075
Blue Valentine,12/27/2010,3500000,16566240,13066240
Creepshow,11/12/1982,8000000,21028755,13028755
Jagten,8/28/2012,3800000,16800000,13000000
Eyes of Laura Mars,8/2/1978,7000000,20000000,13000000
Corky Romano,10/12/2001,11000000,23978402,12978402
Jason Goes to Hell: The Final Friday,8/13/1993,3000000,15938065,12938065
Gong fu guan lan,2/7/2008,10000000,22896728,12896728
A Lot Like Love,4/22/2005,30000000,42886719,12886719
Aliens in the Attic,7/31/2009,45000000,57881056,12881056
Soul Kitchen,9/9/2009,5000000,17872796,12872796
[REC]²,9/15/2009,5600000,18469680,12869680
Death Warrant,9/14/1990,4000000,16853487,12853487
Seed of Chucky,11/11/2004,12000000,24829644,12829644
Tales from the Darkside: The Movie,5/3/1990,3500000,16324573,12824573
Clockstoppers,3/17/2002,26000000,38793283,12793283
Clockstoppers,3/17/2002,26000000,38793283,12793283
God's Not Dead,3/21/2014,17000000,29789000,12789000
The Nice Guys,5/15/2016,50000000,62788218,12788218
Halloween 4: The Return of Michael Myers,10/21/1988,5000000,17768757,12768757
A Mighty Wind,4/16/2003,6000000,18750246,12750246
The World According to Garp,8/13/1982,17000000,29712172,12712172
リン�?2,1/23/1999,6000000,18686644,12686644
Hellraiser: Bloodline,3/8/1996,4000000,16675000,12675000
It Follows,2/4/2015,2000000,14674076,12674076
Return to Me,4/7/2000,24000000,36609995,12609995
The Serpent and the Rainbow,2/5/1988,7000000,19595031,12595031
Black or White,9/6/2014,9000000,21571189,12571189
Каникулы строгого режима,8/25/2009,5000000,17566040,12566040
30 Minutes or Less,8/11/2011,28000000,40547440,12547440
Mere Brother Ki Dulhan,9/9/2011,5510000,18050000,12540000
More American Graffiti,8/3/1979,2500000,15014674,12514674
Black Christmas,12/25/2006,9000000,21510851,12510851
Las aventuras de Tadeo Jones,8/31/2012,10500000,23000000,12500000
Sinbad and the Eye of the Tiger,7/15/1977,3500000,16000000,12500000
Trainspotting,2/23/1996,4000000,16491080,12491080
A Dangerous Method,9/30/2011,15000000,27462041,12462041
Tomcats,3/30/2001,11000000,23430766,12430766
The First Power,4/6/1990,10000000,22424195,12424195
2010,12/6/1984,28000000,40400657,12400657
Cocktail,7/13/2012,6400000,18800000,12400000
Hit & Run,8/22/2012,2000000,14400000,12400000
Less Than Zero,11/6/1987,1,12396383,12396382
StreetDance 3D,5/19/2010,5773100,18144030,12370930
Spaced Invaders,4/27/1990,3000000,15369573,12369573
Transamerica,12/23/2005,1000000,13350369,12350369
Alexander,11/21/2004,155000000,167298192,12298192
Perfect Stranger,4/12/2007,60795000,73090611,12295611
Lockout,4/12/2012,20000000,32204030,12204030
Daddy Day Camp,8/8/2007,6000000,18197398,12197398
Mrs. Miniver,6/4/1942,1344000,13500000,12156000
Muriel's Wedding,9/29/1994,3000000,15119639,12119639
마더,5/28/2009,5000000,17112713,12112713
You Again,9/24/2010,20000000,32005248,12005248
The Stepford Wives,6/10/2004,90000000,102000000,12000000
Sweet Charity,1/1/1969,8000000,20000000,12000000
Don't Be Afraid of the Dark,11/6/2010,25000000,36993168,11993168
올드보이,1/1/2003,3000000,14980005,11980005
Halloween III: Season of the Witch,10/22/1982,2500000,14400000,11900000
Winter's Bone,6/11/2010,2000000,13831503,11831503
Cowboys & Aliens,7/29/2011,163000000,174822325,11822325
Arrambam,10/31/2013,9200000,21000000,11800000
Deepwater Horizon,9/29/2016,110000000,121790373,11790373
Jay and Silent Bob Strike Back,8/22/2001,22000000,33788161,11788161
My Blueberry Nights,5/16/2007,10000000,21786738,11786738
Chasing Amy,4/4/1997,250000,12021272,11771272
A Hard Day's Night,7/6/1964,560000,12299668,11739668
The Remains of the Day,11/5/1993,11500000,23237911,11737911
Let's Do It Again,10/11/1975,70000,11800000,11730000
Frankenstein,11/21/1931,291000,12000000,11709000
Soodhu Kavvum,5/1/2013,310000,12000000,11690000
Phantasm,3/28/1979,300000,11988469,11688469
Paint Your Wagon,10/15/1969,20000000,31678778,11678778
The Lobster,10/8/2015,4000000,15656193,11656193
The Rookie,12/6/1990,10000000,21633874,11633874
Taxi,10/6/2004,25000000,36609966,11609966
रान्झाना,6/21/2013,6400000,18000000,11600000
Mud,5/1/2013,10000000,21587700,11587700
十三人の刺客,9/9/2010,6000000,17555141,11555141
Shocker,10/27/1989,5000000,16554699,11554699
Porky's Revenge,3/22/1985,9000000,20518905,11518905
Hocus Pocus,7/16/1993,28000000,39514713,11514713
Nefes: Vatan Sağolsun,10/15/2009,2000000,13500000,11500000
Die Welle,3/11/2008,7500000,19000000,11500000
Married to the Mob,8/19/1988,10000000,21486757,11486757
Middle School: The Worst Years of My Life,10/7/2016,8500000,19985196,11485196
All About the Benjamins,3/8/2002,14000000,25482931,11482931
Gridiron Gang,9/15/2006,30000000,41480851,11480851
Top Secret!,6/8/1984,9000000,20458340,11458340
Magnolia,12/8/1999,37000000,48451803,11451803
Lucky Lady,12/25/1975,13000000,24441725,11441725
Night of the Comet,11/16/1984,3000000,14418922,11418922
Vegas Vacation,2/13/1997,25000000,36400360,11400360
Above the Law,4/8/1988,7500000,18869631,11369631
Beauty Shop,6/2/2005,25000000,36351350,11351350
Machete,9/1/2010,20000000,31327899,11327899
魔女の宅急便,7/29/1989,6900000,18172849,11272849
ദൃശ്യം,12/19/2013,750000,12000000,11250000
Parker,1/23/2013,35000000,46216641,11216641
Rangeela,1/1/1995,2800000,14000000,11200000
Shame,10/2/2011,6500000,17693675,11193675
The Haunting,7/23/1999,80000000,91188905,11188905
Prince of Darkness,10/23/1987,3000000,14182492,11182492
Sunshine Cleaning,1/18/2008,5000000,16174377,11174377
Critters,4/11/1986,2000000,13167232,11167232
To Kill a Mockingbird,12/25/1962,2000000,13129846,11129846
The Running Man,11/13/1987,27000000,38122105,11122105
The Shaggy Dog,3/9/2006,50000000,61112916,11112916
Silent House,1/21/2011,2000000,13101672,11101672
Arundhati,1/16/2009,2915739,14000000,11084261
"\"대�?\"\"While the Kingdom of Korea is under occupation by the Japanese\"",12/16/2015,5000,11083449,11078449
xXx: State of the Union,4/27/2005,60000000,71073932,11073932
The Mechanic,1/13/2011,40000000,51070807,11070807
Kicking & Screaming,5/13/2005,45000000,56070433,11070433
Love & Friendship,5/27/2016,3000000,14016568,11016568
Aquamarine,3/3/2006,12000000,23006849,11006849
The Dark Tower,8/3/2017,60000000,71000000,11000000
Vaaranam Aayiram,11/14/2008,3000000,14000000,11000000
Rules of Engagement,4/7/2000,60000000,71000000,11000000
Singh Is Kinng,1/1/2008,14000000,25000000,11000000
Vizontele Tuuba,1/21/2004,3000000,13954476,10954476
Akeelah and the Bee,4/28/2006,8000000,18948425,10948425
Young Adult,12/16/2011,12000000,22939027,10939027
Leap Year,1/8/2010,19000000,29922472,10922472
Rounders,9/11/1998,12000000,22921898,10921898
स्पेशल 26,2/7/2013,7100000,18000000,10900000
The Birth of a Nation,2/8/1915,100000,11000000,10900000
Fantasia 2000,12/17/1999,80000000,90874570,10874570
Antwone Fisher,12/19/2002,12500000,23367586,10867586
Highlander III: The Sorcerer,11/29/1994,26000000,36800000,10800000
The Chronicles of Riddick,6/11/2004,105000000,115772733,10772733
The Dead Zone,10/21/1983,10000000,20766616,10766616
Convoy,6/27/1978,12000000,22765081,10765081
Rudy,9/17/1993,12000000,22750363,10750363
Les Poupées Russes,6/15/2005,13000000,23727301,10727301
Wishmaster,9/19/1997,5000000,15719109,10719109
RoboCop 2,6/22/1990,35000000,45681173,10681173
Gods of Egypt,2/25/2016,140000000,150680864,10680864
16 Blocks,3/1/2006,55000000,65664721,10664721
Sparkle,8/17/2012,14000000,24637469,10637469
The Way of the Gun,9/8/2000,8500000,19125401,10625401
Random Hearts,10/8/1999,64000000,74608570,10608570
Wimbledon,9/13/2004,31000000,41512007,10512007
Creepshow 2,5/1/1987,3500000,14000000,10500000
Roman Holiday,9/2/1953,1500000,12000000,10500000
Dhoom,8/27/2004,1500000,12000000,10500000
Queen of the Damned,2/10/2002,35000000,45479110,10479110
What's Your Number?,9/30/2011,20000000,30426096,10426096
ДухLess,10/4/2012,2800000,13218980,10418980
Trapeze,5/30/1956,4000000,14400000,10400000
Haywire,11/6/2011,23000000,33372606,10372606
De rouille et d'os,5/17/2012,15400000,25762027,10362027
Safe,4/16/2012,30000000,40346186,10346186
Reno 911!: Miami,2/23/2007,10000000,20342161,10342161
Pina,2/24/2011,4317946,14624826,10306880
Bloodsport,2/26/1988,1500000,11806119,10306119
Pink Floyd: The Wall,7/14/1982,12000000,22244207,10244207
The Return of the Living Dead,5/15/1985,4000000,14237000,10237000
Chain Reaction,8/2/1996,50000000,60209334,10209334
High Plains Drifter,4/19/1973,5500000,15700000,10200000
The House on Sorority Row,1/21/1983,425000,10604986,10179986
The Last Exorcism Part II,2/28/2013,5000000,15179302,10179302
葉問,12/12/2008,11715578,21888598,10173020
The International,2/3/2009,50000000,60161391,10161391
Just My Luck,5/12/2006,28000000,38159905,10159905
Scanners,1/14/1981,4100000,14225876,10125876
Another Year,11/5/2010,8000000,18124262,10124262
Halloween: The Curse of Michael Myers,9/29/1995,5000000,15116634,10116634
Facing the Giants,9/29/2006,100000,10178331,10078331
О чём говорят мужчины,3/4/2010,1950000,12005838,10055838
Going the Distance,9/1/2010,32000000,42045846,10045846
Dostana,11/13/2008,10000000,20000000,10000000
Torn Curtain,7/13/1966,3000000,13000000,10000000
The Egyptian,8/25/1954,5000000,15000000,10000000
Nurse 3-D,9/28/2013,10,10000000,9999990
The Sitter,12/9/2011,25000000,34942188,9942188
Kubo and the Two Strings,8/18/2016,60000000,69929545,9929545
The Best of Me,10/16/2014,26000000,35926213,9926213
Play Misty for Me,11/3/1971,725000,10600000,9875000
Being John Malkovich,9/30/1999,13000000,22863596,9863596
Escape from the Planet of the Apes,5/20/1971,2500000,12348905,9848905
Bananas,4/28/1971,2000000,11833696,9833696
House of 1000 Corpses,4/11/2003,7000000,16829545,9829545
The Edge of Seventeen,11/18/2016,9000000,18803648,9803648
The Sugarland Express,4/5/1974,3000000,12800000,9800000
Whiplash,10/10/2014,3300000,13092000,9792000
The Craft,5/3/1996,15000000,24769466,9769466
The Lost Weekend,11/25/1945,1250000,11000000,9750000
Dil To Pagal Hai,10/30/1997,1300000,11000000,9700000
Garv: Pride and Honour,7/9/2004,1300000,11000000,9700000
Cyborg,4/7/1989,500000,10166459,9666459
Glee: The Concert Movie,8/11/2011,9000000,18663238,9663238
The Island of Dr. Moreau,8/23/1996,40000000,49627779,9627779
Sing Street,3/11/2016,4000000,13624522,9624522
Buffy the Vampire Slayer,7/24/1992,7000000,16624456,9624456
कभी अलविदा ना कहना,8/11/2006,7400000,17000000,9600000
The Squid and the Whale,10/5/2005,1500000,11098131,9598131
Casablanca,11/26/1942,878000,10462500,9584500
Boys Don't Cry,9/2/1999,2000000,11540607,9540607
Katyń,9/21/2007,5200000,14723313,9523313
In Cold Blood,12/14/1967,3500000,13007551,9507551
The Rescuers Down Under,11/16/1990,37931000,47431461,9500461
American Ninja,8/30/1985,1000000,10499694,9499694
Charade,12/5/1963,4000000,13474588,9474588
Half Baked,1/16/1998,8000000,17460020,9460020
The African Queen,12/3/1951,1300000,10750000,9450000
King of Kings,10/11/1961,5037000,14483352,9446352
The History Boys,10/2/2006,4000000,13401952,9401952
King Kong,4/7/1933,672000,10000000,9328000
Rang De Basanti,1/26/2006,2200000,11502151,9302151
The Nun's Story,6/18/1959,3500000,12800000,9300000
North by Northwest,7/7/1959,4000000,13275000,9275000
Yu-Gi-Oh! The Movie,8/13/2004,20000000,29170410,9170410
Stir of Echoes,9/10/1999,12000000,21133087,9133087
Kaminey,8/14/2009,9000000,18130000,9130000
Vals Im Bashir,6/25/2008,2000000,11125849,9125849
Frenzy,5/25/1972,3500000,12600000,9100000
The Bellboy,7/20/1960,900000,10000000,9100000
Les Aventures extraordinaires d'Adèle Blanc-Sec,4/9/2010,25000000,34100000,9100000
Pet Sematary II,8/28/1992,8000000,17092453,9092453
Hellbound: Hellraiser II,12/23/1988,3000000,12090735,9090735
Cry_Wolf,9/16/2005,1000000,10047674,9047674
Gojira ni-sen mireniamu,12/11/1999,1000000,10037390,9037390
Cousins,2/10/1989,13000000,22030000,9030000
Yves Saint Laurent,1/8/2014,12000000,21026290,9026290
Kissing Jessica Stein,4/21/2001,1000000,10013424,9013424
They Live,11/23/1988,4000000,13008928,9008928
Tea with Mussolini,3/25/1999,12000000,21001563,9001563
Dil Dhadakne Do,6/5/2015,13000000,22000000,9000000
Gabbar Singh,5/11/2012,7000000,16000000,9000000
Barry Lyndon,12/18/1975,11000000,20000000,9000000
Friday the 13th Part VIII: Jason Takes Manhattan,7/28/1989,5000000,14000000,9000000
The Great Dictator,10/15/1940,2000000,11000000,9000000
The Night of the Iguana,8/6/1964,3000000,12000000,9000000
Battle Beyond the Stars,9/8/1980,2000000,11000000,9000000
Jane Austen's Mafia!,7/24/1998,10000000,19000000,9000000
Bachelorette,8/6/2012,3000000,11947954,8947954
Secrets & Lies,5/24/1996,4500000,13417292,8917292
The Birds,3/28/1963,2500000,11403529,8903529
The Story of Us,10/13/1999,50000000,58900031,8900031
The Good Girl,1/12/2002,8000000,16856124,8856124
Tin Cup,8/16/1996,45000000,53854588,8854588
A Perfect Getaway,6/8/2009,14000000,22852638,8852638
Glory,12/15/1989,18000000,26828365,8828365
Jaane Tu... Ya Jaane Na,7/4/2008,2300000,11100000,8800000
English Vinglish,9/14/2012,2840000,11620000,8780000
Rockstar,11/11/2011,10920000,19660000,8740000
Gallipoli,8/13/1981,3000000,11740000,8740000
The Choice,2/4/2016,10000000,18730891,8730891
Dave Chappelle's Block Party,9/12/2005,3000000,11718595,8718595
Orca: The Killer Whale,7/22/1977,6000000,14717854,8717854
Show Boat,7/13/1951,2300000,11000000,8700000
On the Waterfront,6/22/1954,910000,9600000,8690000
Welcome Home Roscoe Jenkins,2/8/2008,35000000,43650785,8650785
Viy,1/30/2014,26000000,34592118,8592118
Reality Bites,2/18/1994,11500000,20079850,8579850
Монгол,9/20/2007,18000000,26527510,8527510
Harper,2/23/1966,3500000,12000000,8500000
Samson and Delilah,12/21/1949,3000000,11500000,8500000
Modern Times,2/5/1936,1,8500000,8499999
Indigènes,5/25/2006,14500000,22963701,8463701
Midnight Run,7/20/1988,30000000,38413606,8413606
Tango & Cash,12/22/1989,55000000,63408614,8408614
Reds,12/25/1981,32000000,40382659,8382659
The Darjeeling Limited,9/29/2007,16000000,24377151,8377151
A Man Apart,4/4/2003,36000000,44350926,8350926
Barbecue,4/30/2014,6000000,14348529,8348529
Missing in Action 2: The Beginning,3/1/1985,2410000,10755447,8345447
The Wizard,12/15/1989,6000000,14278900,8278900
Lone Star,6/21/1996,5000000,13269963,8269963
Hardball,9/14/2001,32000000,40222729,8222729
The Station Agent,1/26/2003,500000,8679814,8179814
Before Midnight,4/5/2013,3000000,11176469,8176469
Kandagar,2/4/2010,7000000,15172408,8172408
The Namesake,9/2/2006,12000000,20138836,8138836
The Sessions,5/2/2012,1000000,9138338,8138338
Shaft,7/2/1971,4000000,12121618,8121618
Hidalgo,3/5/2004,100000000,108103450,8103450
Josh,6/9/2000,6900000,15000000,8100000
Mr. Smith Goes to Washington,10/19/1939,1500000,9600000,8100000
Rushmore,9/17/1998,9000000,17096053,8096053
No Holds Barred,6/2/1989,8000000,16093651,8093651
The Preacher's Wife,12/13/1996,40000000,48093211,8093211
Shaft's Big Score!,6/8/1972,1978000,10000000,8022000
Hillary's America: The Secret History of the Democratic Party,7/1/2016,5000000,13000000,8000000
Wake Up Sid,10/2/2009,3000000,11000000,8000000
Love Me Tender,11/15/1956,1000000,9000000,8000000
Conquest of the Planet of the Apes,6/29/1972,1700000,9700000,8000000
The Sand Pebbles,12/20/1966,12000000,20000000,8000000
Turbo: A Power Rangers Movie,3/27/1997,10000000,17979739,7979739
Death Wish 3,11/1/1985,9000000,16945171,7945171
Pure Luck,8/9/1991,17010000,24941969,7931969
Snitch,2/21/2013,35000000,42930462,7930462
Fright Night,8/18/2011,17000000,24922237,7922237
The Boy in the Striped Pyjamas,5/7/2008,12500000,20416563,7916563
Ποτέ την Κυριακή,5/24/1960,151000,8000000,7849000
Wizards,2/9/1977,1200000,9000000,7800000
दि�?से,8/22/1998,5200000,13000000,7800000
Sucker Punch,3/24/2011,82000000,89792502,7792502
Sabrina,9/28/1954,2238813,10000000,7761187
Mickey,8/1/1918,250000,8000000,7750000
The Man Who Knew Too Much,6/1/1956,2500000,10250000,7750000
The Great Escape,6/20/1963,4000000,11744471,7744471
RockNRolla,9/4/2008,18000000,25739015,7739015
U2 3D,5/19/2007,15000000,22730842,7730842
Love & Basketball,4/21/2000,20000000,27728118,7728118
Dreamcatcher,3/21/2003,68000000,75715436,7715436
Raw Deal,6/6/1986,8500000,16209459,7709459
Flirting with Disaster,3/22/1996,7000000,14702438,7702438
Death Race 2000,4/27/1975,300000,8000000,7700000
The Secret of NIMH,6/17/1982,7000000,14665733,7665733
Adventureland,4/3/2009,9500000,17164377,7664377
Leprechaun,1/8/1993,900000,8556940,7656940
Dr. Strangelove or: How I Learned to Stop Worrying and Love the Bomb,1/29/1964,1800000,9440272,7640272
Lakeview Terrace,9/19/2008,20000000,27640028,7640028
Beyond the Lights,9/10/2014,7000000,14618727,7618727
The Crush,4/2/1993,6000000,13609396,7609396
Child's Play 3,8/30/1991,13000000,20560255,7560255
Hellraiser III: Hell on Earth,9/11/1992,5000000,12534961,7534961
Cocoon: The Return,9/13/1988,17500000,25024919,7524919
Elle s'appelait Sarah,9/16/2010,10000000,17511906,7511906
Tupac: Resurrection,1/23/2003,300000,7808524,7508524
Singam,5/28/2010,2200000,9700000,7500000
The Hollywood Knights,5/30/1980,2500000,10000000,7500000
Hud,5/29/1963,2500000,10000000,7500000
In the Land of Women,4/16/2007,10000000,17500000,7500000
Fat Pizza,4/10/2003,400000,7888102,7488102
Push,2/6/2009,38000000,45465299,7465299
Our Family Wedding,3/12/2010,14000000,21409028,7409028
Elmer Gantry,6/19/1960,3000000,10400000,7400000
The Pyramid,12/4/2014,6500000,13865435,7365435
The Birth of a Nation,9/9/2016,8500000,15861566,7361566
Star Trek: Nemesis,12/13/2002,60000000,67312826,7312826
And So It Goes,7/20/2014,18000000,25312387,7312387
The Matador,5/12/2005,10000000,17297244,7297244
New Kids Turbo,12/9/2010,1500000,8786756,7286756
Our Idiot Brother,8/26/2011,10000000,17273593,7273593
2046,5/20/2004,12000000,19271312,7271312
High Noon,3/27/1952,730000,8000000,7270000
Lolita,6/13/1962,2000000,9250000,7250000
Niagara,1/26/1953,1250000,8500000,7250000
Lone Wolf McQuade,4/14/1983,5000000,12232628,7232628
The Words,9/7/2012,6000000,13231461,7231461
Solomon and Sheba,12/25/1959,5000000,12200000,7200000
Bachna Ae Haseeno,8/14/2008,2400000,9600000,7200000
Khumba,7/18/2013,20000000,27187375,7187375
Boom Town,8/30/1940,2000000,9172000,7172000
Battle for the Planet of the Apes,6/15/1973,1700000,8844595,7144595
Hoop Dreams,9/12/1994,700000,7830611,7130611
Drop Dead Fred,4/19/1991,6788000,13878334,7090334
Bølgen,8/28/2015,5904067,12975143,7071076
A Good Year,9/9/2006,35000000,42064105,7064105
Annie,6/18/1982,50000000,57059003,7059003
Sous les jupes des filles,6/4/2014,5000000,12058187,7058187
Keeping the Faith,4/14/2000,30000000,37036004,7036004
Elephant,5/18/2003,3000000,10012022,7012022
In Too Deep,8/25/1999,7000000,14011454,7011454
The Tailor of Panama,2/11/2001,21000000,28008462,7008462
Before the Devil Knows You're Dead,9/26/2007,18000000,25005257,7005257
சிவாஜி,6/14/2007,12000000,19000000,7000000
Wait Until Dark,10/26/1967,4000000,11000000,7000000
Goemon,3/17/2009,9000000,16000000,7000000
Breakfast at Tiffany's,10/5/1961,2500000,9500000,7000000
Judgment at Nuremberg,12/1/1961,3000000,10000000,7000000
Eraserhead,3/19/1977,10000,7000000,6990000
Joan of Arc,10/18/1999,60000000,66976317,6976317
Man's Best Friend,11/19/1993,6000000,12974636,6974636
The Valley of Decision,6/1/1945,2160000,9132000,6972000
Donnie Brasco,2/27/1997,35000000,41954997,6954997
Catch-22,6/24/1970,18000000,24911670,6911670
The Darkness,5/13/2016,4000000,10898293,6898293
The Family,9/13/2013,30000000,36894225,6894225
Fantastic Voyage,8/24/1966,5115000,12000000,6885000
Tsotsi,8/18/2005,3000000,9879971,6879971
Friends with Money,9/7/2006,6500000,13368437,6868437
From Dusk Till Dawn,1/19/1996,19000000,25836616,6836616
Kismat Konnection,7/18/2008,4180000,11000000,6820000
House of the Dead,4/11/2003,7000000,13818181,6818181
La Pianiste,5/14/2001,3000000,9801375,6801375
Once Bitten,11/15/1985,3200000,10000000,6800000
Sands of Iwo Jima,12/14/1949,1000000,7800000,6800000
Låt den rätte komma in,1/26/2008,4000000,10785801,6785801
Diana,9/19/2013,15000000,21766271,6766271
Nocturnal Animals,11/4/2016,22500000,29252978,6752978
Starman,12/13/1984,22000000,28744356,6744356
Los amantes pasajeros,3/8/2013,5000000,11724119,6724119
Murder by Numbers,4/19/2002,50000000,56714147,6714147
Gitler kaput!,9/18/2008,3000000,9713500,6713500
Dogville,5/19/2003,10000000,16680836,6680836
The Spitfire Grill,8/23/1996,6000000,12643776,6643776
Halloween 5: The Revenge of Michael Myers,10/12/1989,5000000,11642254,6642254
Death on the Nile,10/6/1978,7920000,14560084,6640084
Scenes from a Mall,2/22/1991,3000000,9563393,6563393
I Don't Know How She Does It,9/16/2011,24000000,30551495,6551495
Roger & Me,9/1/1989,160000,6706368,6546368
Torque,1/16/2004,40000000,46546197,6546197
In the Valley of Elah,8/31/2007,23000000,29541790,6541790
Carlito's Way,11/10/1993,30000000,36516012,6516012
War and Peace,8/21/1956,6000000,12500000,6500000
Чёрная Молния,12/31/2009,15000000,21500000,6500000
Grandma,6/4/2015,600000,7087452,6487452
Mujeres al borde de un ataque de nervios,3/14/1988,700000,7179298,6479298
Fantastic Mr. Fox,10/23/2009,40000000,46471023,6471023
It's a Wonderful Life,12/20/1946,3180000,9644124,6464124
The Drop,9/12/2014,12600000,19054534,6454534
Cavalcade,2/8/1933,1180280,7630000,6449720
Get Rich or Die Tryin',11/9/2005,40000000,46442528,6442528
The Dressmaker,10/1/2015,11930000,18340000,6410000
Pat Garrett & Billy the Kid,5/23/1973,4638783,11000000,6361217
To Catch a Thief,8/3/1955,2500000,8750000,6250000
A Streetcar Named Desire,9/18/1951,1800000,8000000,6200000
Parasite,3/12/1982,800000,7000000,6200000
Larry Crowne,6/30/2011,30000000,36160375,6160375
Mo' Better Blues,8/3/1990,10000000,16153593,6153593
Hombre,3/21/1967,5860000,12000000,6140000
Narc,1/14/2002,6500000,12633747,6133747
After Hours,9/13/1985,4500000,10609321,6109321
Children of the Corn II: The Final Sacrifice,1/29/1993,900000,6980986,6080986
Hard Candy,1/14/2005,950000,7022209,6072209
Next,4/24/2007,70000000,76066841,6066841
Punchline,10/7/1988,15000000,21032267,6032267
Red River,8/26/1948,3000000,9012000,6012000
Beremennyy,7/21/2011,2000000,8000000,6000000
Silent Rage,4/2/1982,4500000,10500000,6000000
Witness for the Prosecution,12/17/1957,3000000,9000000,6000000
Tales from the Hood,5/24/1995,6000000,12000000,6000000
Flicka,10/20/2006,15000000,21000000,6000000
Red Heat,6/17/1988,29000000,34994648,5994648
A Patch of Blue,12/10/1965,800000,6792000,5992000
Pink Flamingos,3/12/1972,12000,6000000,5988000
She's the One,8/26/1996,3500000,9482579,5982579
Zoolander 2,2/6/2016,50000000,55969000,5969000
The Light Between Oceans,9/2/2016,20000000,25956113,5956113
Jason X,7/24/2001,11000000,16951798,5951798
Tot yeshchyo Karloson!,3/15/2012,4000000,9938268,5938268
Caligola,1/21/1979,17500000,23438120,5938120
喜宴,8/4/1993,1000000,6933459,5933459
Vixen!,10/15/1968,76000,6000000,5924000
The Rainmaker,11/18/1997,40000000,45916769,5916769
Kids,7/28/1995,1500000,7412216,5912216
Moby Dick,6/27/1956,4500000,10400000,5900000
Family Plot,4/9/1976,2000000,7900000,5900000
The Andromeda Strain,3/12/1971,6500000,12376563,5876563
Inside Job,10/8/2010,2000000,7871522,5871522
Unleashed,2/2/2005,45000000,50871113,5871113
La vie d'Adèle - Chapitres 1 et 2,10/9/2013,4300000,10165694,5865694
Heropanti,5/23/2014,4200000,10000000,5800000
Vampire in Brooklyn,10/26/1995,14000000,19800000,5800000
Strangers on a Train,6/18/1951,1200000,7000000,5800000
Gentleman's Agreement,11/11/1947,2000000,7800000,5800000
Alan Partridge: Alpha Papa,7/24/2013,4000000,9800000,5800000
The Trouble with Harry,10/3/1955,1200000,7000000,5800000
Bad Dreams,4/8/1988,4000000,9797098,5797098
This Is England,9/12/2006,2380000,8176544,5796544
The Long Riders,5/12/1980,10000000,15795189,5795189
You Can't Take It With You,8/23/1938,1644736,7433101,5788365
Le scaphandre et le papillon,5/22/2007,14000000,19777647,5777647
Unforgettable,4/20/2017,12000000,17768012,5768012
La migliore offerta,1/1/2013,13500000,19255873,5755873
ना तु�?जानो ना हम,5/9/2002,350000,6100000,5750000
Aitraaz,11/12/2004,3500000,9250000,5750000
Ringmaster,11/25/1998,3500000,9247881,5747881
Lola rennt,8/20/1998,1530000,7267585,5737585
Arthur,4/8/2011,40000000,45735397,5735397
Eye in the Sky,9/11/2015,13000000,18704595,5704595
Nebraska,9/21/2013,12000000,17654912,5654912
Lyubov V Bolshom Gorode,3/5/2009,3500000,9112193,5612193
Belle,9/8/2013,10900000,16505460,5605460
The Hustler,9/25/1961,2000000,7600000,5600000
Keanu,4/21/2016,15000000,20566327,5566327
Patriots Day,12/12/2016,45000000,50548152,5548152
Tau man ji D,5/12/2005,1549000,7096000,5547000
Only God Forgives,5/30/2013,4800000,10337387,5537387
Atlantic City,9/2/1980,7200000,12729678,5529678
Country Strong,12/22/2010,15000000,20529194,5529194
Spellbound,12/28/1945,1500000,7000000,5500000
Out of Time,10/3/2003,50000000,55495563,5495563
Moms' Night Out,3/25/2014,5000000,10429707,5429707
Voyage to the Bottom of the Sea,7/12/1961,1580000,7000000,5420000
Cien años de perdón,3/3/2016,6700000,12118661,5418661
The Girl Next Door,4/9/2004,25000000,30411183,5411183
Снежная королева,10/11/2012,7000000,12400000,5400000
Layer Cake,9/30/2004,6500000,11850214,5350214
Bluffmaster!,1/1/2005,1823152,7133082,5309930
Secretary,1/11/2002,4000000,9304609,5304609
"#Pellichoopulu",7/29/2016,200000,5500000,5300000
Assault on Precinct 13,1/19/2005,30000000,35294470,5294470
Max Keeble's Big Move,10/5/2001,12000000,17292381,5292381
Blast from the Past,2/12/1999,35000000,40263020,5263020
Zwartboek,9/1/2006,21000000,26193068,5193068
The Ant Bully,7/27/2006,50000000,55181129,5181129
Бой с тенью 2: Реванш,10/18/2007,6000000,11171900,5171900
Blade Runner,6/25/1982,28000000,33139618,5139618
We Are Your Friends,8/26/2015,6000000,11122090,5122090
Mulholland Drive,5/16/2001,15000000,20117339,5117339
Godsend,4/30/2004,25000000,30114487,5114487
Captain Corelli's Mandolin,8/17/2001,57000000,62112895,5112895
Ben-Hur: A Tale of the Christ,12/30/1925,3900000,9000000,5100000
Miss Potter,12/3/2006,30000000,35078241,5078241
Wild at Heart,5/1/1990,9500000,14560247,5060247
Before I Fall,3/2/2017,5000000,10025571,5025571
Dracula 2000,12/22/2000,28000000,33000337,5000337
24,5/5/2016,10000000,15000000,5000000
Raging Bull,11/14/1980,18000000,23000000,5000000
Igor,9/19/2008,25000000,30000000,5000000
Admission,3/21/2013,13000000,18000000,5000000
Hang 'em High,7/31/1968,1800000,6800000,5000000
Jackie,12/2/2016,9000000,13960394,4960394
The Crow: City of Angels,8/29/1996,13000000,17917287,4917287
Macabre,10/1/1958,90000,5000000,4910000
Grudge Match,12/25/2013,40000000,44907260,4907260
Marnie,7/9/1964,2135161,7000000,4864839
Altered States,12/25/1980,15000000,19853892,4853892
Recep İvedik,2/22/2008,500000,5330000,4830000
പ്രേമം,5/29/2015,6200000,11000000,4800000
The Man Who Shot Liberty Valance,4/22/1962,3200000,8000000,4800000
Бой с Тенью,3/5/2005,3500000,8262833,4762833
Moon,6/12/2009,5000000,9760104,4760104
How Green Was My Valley,10/28/1941,1250000,6000000,4750000
Take the Lead,3/17/2006,30000000,34742066,4742066
Alive,1/15/1993,32000000,36733909,4733909
Rebecca,4/12/1940,1288000,6000000,4712000
The Kid,7/7/2000,65000000,69700000,4700000
The Babadook,5/22/2014,2000000,6676471,4676471
Bon Cop Bad Cop,7/6/2006,8000000,12671300,4671300
新少林寺,1/20/2011,29000000,33662874,4662874
Singin' in the Rain,4/10/1952,2540800,7200000,4659200
PEEPLI [Live],8/13/2010,2270000,6900000,4630000
The Thing,6/25/1982,15000000,19629760,4629760
Monty Python and the Holy Grail,3/13/1975,400000,5028948,4628948
Boys and Girls,6/16/2000,16000000,20627372,4627372
Jodhaa Akbar,2/15/2008,8376800,13000000,4623200
An American Werewolf in Paris,12/25/1997,22000000,26570463,4570463
Paris,1/19/2008,19000000,23550000,4550000
An Ideal Husband,4/15/1999,14000000,18535191,4535191
Bathing Beauty,7/1/1944,2361000,6892000,4531000
Self/less,7/10/2015,26000000,30523226,4523226
Den Skaldede Frisør,9/4/2012,5500000,10016934,4516934
Speed 2: Cruise Control,6/13/1997,160000000,164508066,4508066
Company,4/15/2002,1500000,6000000,4500000
It's Alive,8/15/2008,11000000,15500000,4500000
Zulu,1/22/1964,3500000,8000000,4500000
Steve Jobs,10/9/2015,30000000,34441873,4441873
Seven Psychopaths,9/7/2012,15000000,19422261,4422261
Mermaids,12/14/1990,31000000,35419397,4419397
The Virgin Suicides,4/21/1999,6000000,10409377,4409377
W.,10/17/2008,25100000,29506464,4406464
Rapid Fire,7/24/1992,10000000,14356479,4356479
The Spectacular Now,8/2/2013,2500000,6854611,4354611
Troll,1/17/1986,1100000,5450815,4350815
Furry Vengeance,4/2/2010,35000000,39340177,4340177
Hardcore Henry,9/12/2015,10000000,14333790,4333790
The Railway Man,12/26/2013,18000000,22309223,4309223
Swingers,10/18/1996,200000,4505922,4305922
Phantasm II,7/8/1988,3000000,7282851,4282851
Trance,3/27/2013,20000000,24261569,4261569
Bad News Bears,7/22/2005,30000000,34252847,4252847
Billu,2/13/2009,5750000,10000000,4250000
Annie Get Your Gun,5/17/1950,3768785,8000000,4231215
Hardware,9/14/1990,1500000,5728953,4228953
Man on a Ledge,1/13/2012,42000000,46221189,4221189
Half Nelson,8/11/2006,700000,4911725,4211725
Bernie,4/27/2012,5000000,9206470,4206470
Masterminds,9/29/2016,25000000,29200000,4200000
The Misfits,1/1/1961,4000000,8200000,4200000
Expelled: No Intelligence Allowed,4/18/2008,3500000,7700000,4200000
Charlie St. Cloud,5/1/2010,44000000,48190704,4190704
Mildred Pierce,9/24/1945,1453000,5638000,4185000
It Happened One Night,2/22/1934,325000,4500000,4175000
�?காதல�?கண்மணி,4/17/2015,940000,5100000,4160000
Tuck Everlasting,10/11/2002,15000000,19158074,4158074
The Bling Ring,6/12/2013,15000000,19145732,4145732
Let Me In,10/1/2010,20000000,24145613,4145613
Filth,9/23/2013,5000000,9114264,4114264
Cinderfella,12/18/1960,3000000,7100000,4100000
New Nightmare,10/13/1994,14000000,18090181,4090181
Loose Cannons,2/9/1990,1500000,5585154,4085154
Tora! Tora! Tora!,1/26/1970,25485000,29548291,4063291
The Perfect Weapon,3/15/1991,10000000,14061361,4061361
Bug,5/19/2006,4000000,8059140,4059140
Hell's Angels,11/15/1930,3950000,8000000,4050000
Ghosts of the Abyss,4/10/2003,13000000,17040871,4040871
Romanzo criminale,9/30/2005,818418,4851244,4032826
"\"அலைபாயுத�?\"\"After a difficult romance in a class-divided society\"",4/14/2000,2000000,6000000,4000000
Sarkar,7/1/2005,1900000,5900000,4000000
Wazir,1/7/2016,5200000,9200000,4000000
Bommarillu,8/9/2006,1333333,5333333,4000000
The Green Berets,7/4/1968,7000000,11000000,4000000
Il Divo,5/23/2008,7275000,11260366,3985366
The Broadway Melody,2/8/1929,379000,4358000,3979000
Blood Feast,6/6/1963,24500,4000000,3975500
San Francisco,6/26/1936,1300000,5273000,3973000
Harsh Times,9/11/2005,2000000,5967038,3967038
Armed and Dangerous,8/15/1986,12000000,15945534,3945534
Next of Kin,10/20/1989,12000000,15942628,3942628
Lovely & Amazing,8/31/2001,250000,4186931,3936931
The Air Up There,1/7/1994,17080000,21011500,3931500
Crazy/Beautiful,6/29/2001,13000000,16929123,3929123
Donovan's Reef,6/12/1963,2686000,6600000,3914000
American History X,10/30/1998,20000000,23875127,3875127
Cat People,12/5/1942,134000,4000000,3866000
Il peggior Natale della mia vita,12/22/2012,6843500,10703234,3859734
Knock Knock,6/26/2015,2500000,6341684,3841684
The Lords of Flatbush,5/1/1974,160000,4000000,3840000
The Spanish Prisoner,9/8/1997,10000000,13835130,3835130
Draft Day,4/11/2014,25000000,28831145,3831145
The Next Karate Kid,7/18/1994,12000000,15826984,3826984
Woman Thou Art Loosed,9/30/2004,3000000,6804016,3804016
She Wore a Yellow Ribbon,10/22/1949,1600000,5400000,3800000
Stop Making Sense,11/16/1984,1200000,4978922,3778922
54,8/28/1998,13000000,16757163,3757163
Monsters,6/18/2010,500000,4242978,3742978
Scaramouche,5/8/1952,3005000,6746000,3741000
Used Cars,7/11/1980,8000000,11715321,3715321
Left Behind,10/3/2014,16000000,19682924,3682924
The Raven,3/9/2012,26000000,29657751,3657751
A Monster Calls,10/7/2016,43000000,46652768,3652768
Joysticks,3/4/1983,300000,3952448,3652448
Poltergeist III,6/10/1988,10500000,14144000,3644000
F.C. De Kampioenen: Kampioen zijn blijft plezant,12/17/2013,3849796,7471304,3621508
Eastern Promises,9/14/2007,51500000,55112356,3612356
99,5/15/2009,3000000,6600000,3600000
Rob Roy,4/13/1995,28000000,31596911,3596911
Consenting Adults,10/16/1992,18000000,21591728,3591728
Smart People,4/11/2008,7000000,10569964,3569964
For Me and My Gal,10/21/1942,802000,4371000,3569000
Matchstick Men,9/1/2003,62000000,65565672,3565672
12,6/6/2007,4000000,7537453,3537453
Kidnap,8/4/2017,21000000,24527158,3527158
La science des rêves,2/11/2006,6000000,9524340,3524340
피에타,9/5/2012,103000,3623330,3520330
Piranha 3DD,5/11/2012,5000000,8493728,3493728
My Life in Ruins,2/6/2009,17000000,20455276,3455276
Brick,1/30/2005,475000,3919254,3444254
�?깡패 같은 애인,5/20/2010,800000,4214668,3414668
Human Traffic,6/4/1999,600000,4000000,3400000
Suspicion,11/14/1941,1103000,4500000,3397000
Diary of the Dead,9/8/2007,2000000,5364858,3364858
Tutto tutto niente niente,11/30/2012,5579750,8927600,3347850
The Shawshank Redemption,9/23/1994,25000000,28341469,3341469
The Box,9/17/2009,30000000,33333531,3333531
Get on the Bus,10/16/1996,2400000,5731103,3331103
The Texas Chainsaw Massacre 2,8/22/1986,4700000,8025872,3325872
Samyy Luchshiy Film 3-DE,1/19/2011,6500000,9816332,3316332
Four Lions,5/7/2010,967686,4270000,3302314
The Last Godfather,12/29/2010,13400000,16700000,3300000
Like Crazy,10/28/2011,250000,3542353,3292353
Paris is Burning,3/13/1990,500000,3779620,3279620
Safety Not Guaranteed,6/8/2012,750000,4007792,3257792
The Derby Stallion,7/4/2005,750000,4000000,3250000
Brother,9/9/2000,12000000,15250000,3250000
Sunset Boulevard,8/10/1950,1752000,5000000,3248000
Dabba,9/19/2013,1000000,4235151,3235151
The Wash,11/16/2001,7000000,10229331,3229331
The Machinist,2/9/2004,5000000,8203235,3203235
Shortbus,5/20/2006,2000000,5179037,3179037
Born into Brothels,12/8/2004,350000,3515061,3165061
Pi,7/10/1998,60000,3221152,3161152
Cheetah,8/18/1989,5000000,8153677,3153677
Clerks,9/13/1994,27000,3151130,3124130
Zohi Sdom,8/5/2010,2745000,5850000,3105000
Titanic,4/11/1953,1805000,4905000,3100000
Shut In,11/11/2016,10000000,13082071,3082071
Beasts of No Nation,9/11/2015,6000000,9077700,3077700
Your Sister's Sister,9/11/2011,125000,3200000,3075000
The Score,7/13/2001,68000000,71069884,3069884
The Proposition,10/6/2005,2000000,5048693,3048693
Transcendence,4/16/2014,100000000,103039258,3039258
Before Sunrise,1/27/1995,2500000,5535405,3035405
Harry Brown,11/11/2009,7300000,10329747,3029747
Catfish,9/17/2010,30000,3045943,3015943
Confessions of a Dangerous Mind,12/30/2002,30000000,33013805,3013805
Confessions of a Dangerous Mind,12/30/2002,30000000,33013805,3013805
Machete Kills,9/12/2013,12000000,15008161,3008161
Return of the Living Dead Part II,1/15/1988,6200000,9205924,3005924
Serbuan maut,9/8/2011,1100000,4105187,3005187
The Legend of Bhagat Singh,6/7/2002,3000000,6000000,3000000
3 Strikes,3/1/2000,6000000,9000000,3000000
Sylvia,10/17/2003,7000000,10000000,3000000
La lengua de las mariposas,9/24/1999,3000000,6000000,3000000
Armored,12/4/2009,20000000,22942221,2942221
A Mighty Heart,1/1/2007,16000000,18928871,2928871
Never Die Alone,3/26/2004,3000000,5923000,2923000
The Magnificent Seven,10/22/1960,2000000,4905000,2905000
कट्यार काळजात घुसली,11/12/2015,1500000,4400000,2900000
लगान,6/15/2001,5200000,8100000,2900000
Vamp,7/18/1986,1900000,4790926,2890926
Requiem for a Dream,10/27/2000,4500000,7390108,2890108
Son of Rambow,1/22/2007,4000000,6870249,2870249
Extract,9/3/2009,8000000,10848783,2848783
Office Space,2/19/1999,10000000,12827813,2827813
The Conversation,4/7/1974,1600000,4420000,2820000
Agent Cody Banks 2: Destination London,6/24/2004,26000000,28818995,2818995
Ostrov Vezeniya,12/5/2013,2000000,4803665,2803665
Boiler Room,2/18/2000,26000000,28780255,2780255
Aquí Entre Nos,3/30/2012,1,2755584,2755583
Tadpole,11/1/2002,150000,2891288,2741288
A Guy Named Joe,3/1/1944,2627000,5363000,2736000
Italiano medio,1/29/2015,1816720,4541800,2725080
Watership Down,10/14/1978,1000000,3713768,2713768
Legok na Pomine,2/27/2014,2153912,4864560,2710648
The Big Red One,5/28/1980,4500000,7206220,2706220
Parrish,5/4/1961,1500000,4200000,2700000
Central do Brasil,1/16/1998,2900000,5596708,2696708
Jack the Giant Slayer,2/27/2013,195000000,197687603,2687603
Dirty Dancing: Havana Nights,2/27/2004,25000000,27685016,2685016
Marty,4/11/1955,343000,3000000,2657000
Rough Cut,6/19/1980,14000000,16656125,2656125
10 to Midnight,3/11/1983,4520000,7175592,2655592
Ice Princess,3/17/2005,25000000,27645491,2645491
Locke,4/10/2014,2000000,4635300,2635300
The Boondock Saints II: All Saints Day,11/24/2009,8000000,10629321,2629321
I'm No Angel,10/6/1933,225000,2850000,2625000
Carnage,9/16/2011,25000000,27603069,2603069
Thirteen,8/20/2003,2000000,4601043,2601043
Broadway Danny Rose,1/27/1984,8000000,10600497,2600497
Top Hat,9/6/1935,609000,3202000,2593000
The Thirteenth Floor,4/16/1999,16000000,18564088,2564088
The Sweeney,9/11/2012,3730500,6294161,2563661
Pizza,10/19/2012,240000,2800000,2560000
Blue Velvet,8/1/1986,6000000,8551228,2551228
Sleepless,1/12/2017,30000000,32540674,2540674
My Old Lady,9/9/2014,5000000,7527232,2527232
Bad Day at Black Rock,1/7/1955,1271000,3788000,2517000
Bound,9/13/1996,4500000,7011317,2511317
Mutiny on the Bounty,11/8/1935,1950000,4460000,2510000
Disturbing Behavior,7/24/1998,15000000,17507368,2507368
Khatta Meetha,7/23/2010,7500000,10000000,2500000
Mean Streets,10/2/1973,500000,3000000,2500000
From Prada to Nada,1/28/2011,93,2500000,2499907
The Circle,4/27/2017,18000000,20497844,2497844
Xanadu,8/8/1980,20000000,22471595,2471595
Oh Boy,7/3/2012,300000,2750275,2450275
Boys on the Side,2/3/1995,21000000,23450000,2450000
A Rage in Harlem,5/3/1991,8000000,10400000,2400000
Torrente 5: Operación Eurovegas,10/3/2014,9272437,11672363,2399926
Woodlawn,10/15/2015,12000000,14394097,2394097
Year One,6/18/2009,60000000,62357900,2357900
Tasogare Seibei,11/2/2002,5000000,7338987,2338987
Evil Dead II,3/13/1987,3600000,5923044,2323044
K-PAX,10/22/2001,48000000,50315140,2315140
風の谷のナウシカ,3/11/1984,1000000,3301446,2301446
Hard Times,9/4/1975,2700000,5000000,2300000
The Fly,7/16/1958,700000,3000000,2300000
Superman IV: The Quest for Peace,7/23/1987,17000000,19300000,2300000
Jab We Met,10/26/2007,2300000,4600000,2300000
Sugar & Spice,1/24/2001,11000000,13276953,2276953
Labor Day,12/27/2013,18000000,20275812,2275812
Tentacoli,2/25/1977,750000,3000000,2250000
Badmaa$h Company,5/7/2010,6250000,8500000,2250000
The Kid,1/21/1921,250000,2500000,2250000
This Is Spinal Tap,5/4/1984,2500000,4736202,2236202
Force 10 from Navarone,11/1/1978,5000000,7230000,2230000
Dark Angel,1/26/1990,7000000,9229401,2229401
Drugstore Cowboy,9/9/1989,2500000,4729352,2229352
Reign Over Me,3/23/2007,20000000,22222308,2222308
Dead Silence,3/16/2007,20000000,22217407,2217407
హ్యాపీ డేస్,9/28/2007,440141,2640850,2200709
ആക്ഷ�?ഹീറോ ബിജു,2/4/2016,300000,2500000,2200000
Lucas,3/28/1986,6000000,8200000,2200000
Hunting Elephants,7/3/2013,2300000,4500000,2200000
I Think I Love My Wife,3/16/2007,11000000,13196245,2196245
Fair Game,5/20/2010,22000000,24188922,2188922
Glyanets,8/23/2007,2500000,4684165,2184165
The Marine,10/13/2006,20000000,22165608,2165608
C.H.U.D.,8/31/1984,1250000,3412497,2162497
Beginners,9/11/2010,3200000,5332926,2132926
Prom,4/29/2011,8000000,10130000,2130000
The Eagle,2/8/2011,25000000,27122040,2122040
Frailty,11/17/2001,11000000,13110448,2110448
Babylon A.D.,8/20/2008,70000000,72108608,2108608
Battle for Terra,9/6/2007,4000000,6101046,2101046
Godzilla 1985,12/15/1984,2000000,4100000,2100000
Pocketful of Miracles,12/18/1961,2900000,5000000,2100000
Firestarter,5/11/1984,15000000,17080167,2080167
The To Do List,7/24/2013,1500000,3566225,2066225
Desert Hearts,10/1/1985,350000,2400000,2050000
Bronson,10/9/2008,230000,2260712,2030712
Dil Chahta Hai,7/24/2001,2079000,4099000,2020000
Laws of Attraction,4/4/2004,28000000,30016165,2016165
Raising Victor Vargas,5/16/2002,800000,2816116,2016116
Phoonk,8/22/2008,750000,2760000,2010000
The Gift,12/22/2000,10000000,12008642,2008642
Suffragette,10/16/2015,14000000,16002420,2002420
Warlords of the 21st Century,1/1/1982,1000000,3000000,2000000
Aadukalam,1/14/2011,4000000,6000000,2000000
Alexander's Ragtime Band,5/24/1938,2000000,4000000,2000000
The Miracle Worker,5/22/1962,500000,2500000,2000000
She Done Him Wrong,2/9/1933,200000,2200000,2000000
Metegol,7/18/2013,22000000,24000000,2000000
Topaz,12/18/1969,4000000,6000000,2000000
Case 39,8/13/2009,27000000,29000000,2000000
Wild Child,1/1/2008,20000000,21972336,1972336
Grease 2,6/11/1982,13200000,15171476,1971476
In a World...,8/9/2013,1000000,2963902,1963902
El espinazo del diablo,4/20/2001,4500000,6459020,1959020
А зори здесь тихие...,4/30/2015,3300000,5249225,1949225
The Adventures of Robin Hood,5/13/1938,2033000,3981000,1948000
La peggior settimana della mia vita,10/27/2011,11000000,12935800,1935800
Курочка Ряба,10/1/1994,2700000,4635143,1935143
Shanghai Noon,5/26/2000,55000000,56932305,1932305
I Was a Teenage Werewolf,6/19/1957,82000,2000000,1918000
Bolero,8/31/1984,7000000,8914881,1914881
Night of the Demons,10/14/1988,1200000,3109904,1909904
Stargate: The Ark of Truth,3/11/2008,7000000,8900000,1900000
Elegy,8/8/2008,13000000,14894347,1894347
Grand Hotel,5/25/1932,700000,2594000,1894000
The Guilt Trip,12/19/2012,40000000,41863726,1863726
Jackson County Jail,3/31/1976,445000,2300000,1855000
Atanarjuat,2/1/2002,1934000,3786801,1852801
ആനന്ദം,10/21/2016,450000,2300000,1850000
42nd Street,2/2/1933,439000,2281000,1842000
The Green Inferno,9/4/2014,5000000,6833445,1833445
El Mariachi,9/4/1992,220000,2040920,1820920
Стиляги,12/25/2008,15000000,16810383,1810383
CHiPS,3/23/2017,25000000,26800152,1800152
Svinalängorna,12/10/2010,3000000,4800080,1800080
"\"இறுதிச்சுற்ற�?\"\"A grumpy boxing coach takes on a young\"",1/28/2016,300000,2100000,1800000
The Pit and the Pendulum,8/12/1961,200000,2000000,1800000
Aliens vs Predator: Requiem,12/25/2007,40000000,41797066,1797066
Bounce,11/15/2000,35000000,36779296,1779296
An American in Paris,8/8/1951,2723903,4500000,1776097
Ayurveda: Art of Being,9/20/2001,300000,2074000,1774000
Scarlet Street,12/28/1945,1202007,2948386,1746379
Justice League: The New Frontier,2/26/2008,3500000,5231128,1731128
Swing Time,8/27/1936,886000,2600000,1714000
Paris Can Wait,9/12/2016,5000000,6700000,1700000
Sankofa,5/28/1993,1000000,2691899,1691899
Beerfest,8/25/2006,17500000,19179969,1679969
Another Earth,7/22/2011,100000,1776935,1676935
Mata Hari,12/26/1931,558000,2227000,1669000
Home Run,4/19/2013,1200000,2861020,1661020
THX 1138,3/11/1971,777000,2437000,1660000
Justice League: War,2/2/2014,3500000,5155325,1655325
Paws,9/25/1997,137731,1778391,1640660
Night of the Living Dead,10/18/1990,4200000,5835247,1635247
Whip It,9/13/2009,15000000,16633035,1633035
Wolf Creek 2,8/30/2013,8000000,9630444,1630444
Cloclo,3/14/2012,27563396,29193330,1629934
Kongens nei,9/29/2016,7500000,9100000,1600000
Dial M for Murder,5/29/1954,1400000,3000000,1600000
Trick,7/23/1999,450000,2049595,1599595
3 Godfathers,12/1/1948,1243000,2841000,1598000
My Beautiful Laundrette,9/7/1985,860000,2451545,1591545
The Gold Rush,6/25/1925,923000,2500000,1577000
Double Indemnity,4/24/1944,927262,2500000,1572738
King of New York,7/18/1990,1000000,2554476,1554476
The Charge of the Light Brigade,10/20/1936,1200000,2736000,1536000
Traitor,8/23/2008,22000000,23530831,1530831
The Cowboys,1/13/1972,6000000,7500000,1500000
Spacehunter: Adventures in the Forbidden Zone,5/20/1983,15000000,16500000,1500000
Queen Christina,12/26/1933,1114000,2610000,1496000
Lowriders,4/28/2017,916000,2403885,1487885
Mio fratello è figlio unico,4/20/2007,5000000,6463286,1463286
Murderball,7/22/2005,300000,1750211,1450211
Somebody Up There Likes Me,7/3/1956,1920000,3360000,1440000
Touch of Evil,4/23/1958,829000,2247465,1418465
The Powerpuff Girls Movie,7/3/2002,10000000,11411644,1411644
Sidewalks of New York,11/23/2001,1000000,2402459,1402459
But I'm a Cheerleader,9/12/1999,1200000,2600000,1400000
The Kid Stays in the Picture,1/18/2002,40000,1434436,1394436
"\"花木�?\"\"When barbarian hordes threaten her homeland\"",11/26/2009,12000000,13380561,1380561
Na Maloom Afraad,10/6/2014,884130,2259444,1375314
Outland,5/22/1981,16000000,17374595,1374595
The Last Temptation of Christ,8/12/1988,7000000,8373585,1373585
Thief of Hearts,10/19/1984,9000000,10364904,1364904
Forbidden Planet,3/15/1956,1900000,3250000,1350000
Smoke,6/9/1995,7000000,8349430,1349430
After the Sunset,11/12/2004,60000000,61347797,1347797
El Dorado,12/17/1966,4653000,6000000,1347000
Incarnate,12/1/2016,5000000,6341855,1341855
Pinocchio,12/25/2002,40000000,41323171,1323171
"\"金陵十三�?\"\"A Westerner finds refuge with a group of women in a church during Japan's rape of Nanking in 1937. Posing as a priest\"",12/15/2011,94000000,95311434,1311434
Shopgirl,10/21/2005,10284523,11588205,1303682
To Die For,5/20/1995,20000000,21284514,1284514
The Ballad of Cable Hogue,5/13/1970,3716946,5000000,1283054
ഓം ശാന്തി ഓശാന,2/7/2014,220000,1500000,1280000
Best Defense,7/20/1984,18000000,19265302,1265302
Atithi Tum Kab Jaoge,2/26/2010,3750000,5000000,1250000
Пиковая дама: Черный обряд,9/10/2015,1000000,2228115,1228115
Walking Tall,4/2/2004,56000000,57223890,1223890
Mine vaganti,2/12/2010,7000000,8220215,1220215
Swiss Army Man,6/24/2016,3000000,4210454,1210454
ലോഹം,8/20/2015,1050255,2250547,1200292
Kelly's Heroes,6/22/1970,4000000,5200000,1200000
Crossover,9/1/2006,5800000,7000000,1200000
Snow Flower and the Secret Fan,7/15/2011,134005,1332231,1198226
The Thin Man,5/25/1934,226408,1423000,1196592
Død snø,1/9/2009,800000,1984662,1184662
House of Usher,6/21/1960,270000,1450000,1180000
ATL,3/31/2006,20000000,21170563,1170563
La isla mínima,9/25/2014,4000000,5169755,1169755
Shalako,11/6/1968,1455000,2620000,1165000
Fifty Shades of Black,1/28/2016,20000000,21164799,1164799
Tarnation,10/19/2003,218,1162014,1161796
The Raven,1/25/1963,350000,1499275,1149275
Pride and Glory,9/9/2008,30000000,31148328,1148328
Mary and Max,2/9/2009,590235,1725381,1135146
Mohenjo Daro,8/11/2016,15050000,16180000,1130000
Lights of New York,7/18/1928,75000,1200000,1125000
Re-Animator,10/18/1985,900000,2023414,1123414
Kama Sutra - A Tale of Love,9/11/1996,3000000,4109095,1109095
Madras Cafe,8/23/2013,5400000,6500000,1100000
Goodbye Pork Pie,2/5/1981,300000,1400000,1100000
Jersey Girl,3/25/2004,35000000,36098382,1098382
Dazed and Confused,9/24/1993,6900000,7993039,1093039
Graveyard Shift,10/26/1990,10500000,11582891,1082891
Ultraviolet,3/3/2006,30000000,31070211,1070211
The Meddler,4/5/2016,3200000,4267218,1067218
Two Girls and a Guy,9/7/1997,1000000,2057193,1057193
Straw Dogs,12/29/1971,2200000,3251794,1051794
Capone,4/16/1975,970000,2000000,1030000
Bad Lieutenant,9/16/1992,1000000,2019469,1019469
Shootout at Lokhandwala,5/25/2007,11000000,12000000,1000000
Hey Ram,2/18/2000,3900000,4900000,1000000
Willy Wonka & the Chocolate Factory,6/29/1971,3000000,4000000,1000000
The Train,9/21/1964,5800000,6800000,1000000
Dillinger,7/20/1973,1000000,2000000,1000000
Robot Monster,6/25/1953,16000,1000000,984000
Laura,10/11/1944,1020000,2000000,980000
Mrs Palfrey at The Claremont,11/25/2005,750000,1720953,970953
Tumbleweeds,11/28/1999,312000,1281176,969176
L.I.E. Long Island Expressway,1/20/2001,700000,1667192,967192
Jacob's Ladder,11/2/1990,25000000,25965144,965144
Howard the Duck,8/1/1986,37000000,37962774,962774
Trois,2/11/2000,200000,1160268,960268
In the Mouth of Madness,12/12/1994,8000000,8946600,946600
Cabin in the Sky,4/9/1943,662141,1606624,944483
Aanrijding in Moscou,1/30/2008,560000,1500000,940000
Cookie's Fortune,1/22/1999,10000000,10920544,920544
Ninotchka,10/6/1939,1365000,2279000,914000
Pelle Svanslös,12/25/1981,48740,955401,906661
Living Out Loud,10/30/1998,12000000,12902790,902790
Halo Legends,2/16/2010,100000,1000000,900000
Бумер,8/2/2003,700000,1600000,900000
Love! Valour! Compassion!,5/16/1997,2000000,2900000,900000
The Gorgeous Hussy,8/28/1936,1119000,2019000,900000
Pumpkinhead,6/9/1988,3500000,4385516,885516
Captain Fantastic,7/2/2016,5000000,5879736,879736
The Opposite of Sex,5/22/1998,5000000,5879254,879254
Buffalo '66,1/20/1998,1500000,2375097,875097
200 Cigarettes,2/26/1999,6000000,6852450,852450
Danny Collins,3/19/2015,10000000,10835752,835752
Choke,9/26/2008,3000000,3830137,830137
From Paris with Love,2/5/2010,52000000,52826594,826594
Avalon,1/20/2001,8000000,8826094,826094
Robot & Frank,8/16/2012,2500000,3325038,825038
Morgan,9/1/2016,8000000,8810591,810591
Captive,9/17/2015,2000000,2801508,801508
Phoenix Forgotten,4/21/2017,2800000,3600000,800000
The Wrong Man,12/22/1956,1200000,2000000,800000
The Wraith,11/21/1986,2700000,3500000,800000
Repo Man,2/20/1984,1500000,2300000,800000
Dumbo,10/22/1941,812000,1600000,788000
Kiss Kiss Bang Bang,9/5/2005,15000000,15785148,785148
இன்ற�?நேற்று நாளை,6/26/2015,620000,1400000,780000
Saul fia,6/11/2015,1000000,1777043,777043
Carnosaur,5/21/1993,1000000,1753979,753979
Louis C.K.: Live at the Beacon Theater,12/10/2011,250000,1000000,750000
The Broken Hearts Club: A Romantic Comedy,2/1/2000,1000000,1744858,744858
Dad,10/27/1989,19000000,19738015,738015
Cannonball,7/6/1976,780000,1500000,720000
بچه‌ها�?آسمان,8/1/1997,180000,900000,720000
Invisible Agent,7/31/1942,322000,1040000,718000
The Informer,5/9/1935,243000,950000,707000
Der Himmel über Berlin,1/1/1987,2500000,3200000,700000
Point Blank,8/30/1967,2500000,3200000,700000
Rope,8/23/1948,1500000,2200000,700000
Zombadings 1: Patayin sa Shokot si Remington,8/31/2011,22361,721651,699290
Flaskepost fra P,3/3/2016,5210000,5900000,690000
ഗോഡ്ഫാദർ,3/3/1991,18000,700000,682000
Who Killed the Electric Car?,8/4/2006,1000000,1678874,678874
Tarif Novogodniy,12/4/2008,3200000,3877492,677492
City Island,3/6/2009,6000000,6670712,670712
Claire of the Moon,9/18/1992,130000,799674,669674
West of Zanzibar,11/24/1928,259000,921000,662000
Trolljegeren,10/29/2010,3500000,4159678,659678
Dracula,2/12/1931,355000,1012189,657189
12 Angry Men,3/25/1957,350000,1000000,650000
Living in Oblivion,1/20/1995,500000,1148752,648752
Last Night,5/11/2010,7000000,7644937,644937
Iron Sky,3/10/2012,7500000,8135031,635031
Tosun Paşa,1/1/1976,64200,698200,634000
Let's Go to Prison,11/17/2006,4000000,4630045,630045
The Maltese Falcon,11/18/1941,375000,1000000,625000
The Man with the Iron Fists,11/2/2012,15000000,15608545,608545
Tangerine,7/10/2015,100000,702354,602354
The Unholy Three,9/16/1925,103000,704000,601000
Grave,10/7/2016,3500000,4100000,600000
Shabd,2/4/2005,2500000,3100000,600000
Плюс один,8/21/2008,336029,927277,591248
Howl,8/26/2010,30000,617000,587000
The Women,1/1/1939,1688000,2270000,582000
9 Songs,7/16/2004,1000000,1574623,574623
Stagecoach,3/2/1939,531374,1103757,572383
Drop Dead Gorgeous,7/23/1999,10000000,10571408,571408
Riding Giants,7/9/2004,2600000,3166000,566000
Heavy Traffic,8/8/1973,950000,1500000,550000
Testament,11/4/1983,1500000,2044892,544892
My Best Girl,10/31/1927,483103,1027757,544654
The New World,12/25/2005,30000000,30536013,536013
Project X,4/17/1987,18000000,18532286,532286
Dikari,11/23/2006,800000,1328612,528612
Conversations with Other Women,6/7/2006,450000,973525,523525
The Treasure of the Sierra Madre,1/24/1948,3800000,4307000,507000
Full Frontal,8/2/2002,2000000,2506446,506446
Sparrows,5/14/1926,463455,966878,503423
تین بہادر,5/21/2015,143149,645135,501986
I'm Not Ashamed,10/21/2016,1500000,2000000,500000
Fort Apache,3/26/1948,2500000,3000000,500000
Redd Inc.,11/3/2012,500000,1000000,500000
"\"रम�?राघव �?�?\"\"Set in present day Mumbai the story follows the life of a serial killer Ramanna who is inspired by an infamous serial killer from the 1960s Raman Raghav. His strange obsession with Raghavan\"",6/24/2016,521873,1013926,492053
Videocracy,9/4/2009,700000,1179676,479676
Tucker and Dale vs Evil,1/22/2010,5000000,5476793,476793
Weekend,9/22/2011,8000,484592,476592
Made,7/13/2001,5000000,5476060,476060
Legend of the Lost,12/17/1957,1750000,2200000,450000
Birdman of Alcatraz,7/3/1962,2650000,3100000,450000
The Last Wave,1/1/1977,810000,1258000,448000
House of Sand and Fog,12/19/2003,16500000,16942795,442795
The Ref,3/9/1994,11000000,11439193,439193
Ong Bak 2,12/4/2008,8500000,8936663,436663
Primer,10/8/2004,7000,424760,417760
Mary of Scotland,8/28/1936,864000,1276000,412000
Deuce Bigalow: European Gigolo,8/6/2005,22000000,22400154,400154
La doppia ora,10/9/2009,3906840,4300000,393160
Attack of the 50 Foot Woman,5/19/1958,88000,480000,392000
Tape,1/26/2001,100000,490475,390475
Stardust Memories,9/26/1980,10000000,10389003,389003
Demonic,2/12/2015,3000000,3387000,387000
Poison,4/5/1991,250000,609524,359524
Tiny Furniture,11/12/2010,65000,416498,351498
Sholem Aleichem: Laughing In The Darkness,2/24/2012,500000,845188,345188
Five Graves to Cairo,5/3/1943,855000,1200000,345000
Upstream Color,4/5/2013,100000,444098,344098
Affliction,8/28/1997,6000000,6330054,330054
The D Train,5/8/2015,447524,771317,323793
The Bad News Bears,4/7/1976,35000000,35323292,323292
Party Girl,6/9/1995,150000,472370,322370
C'era una volta il West,12/21/1968,5000000,5321508,321508
Across to Singapore,4/7/1928,290000,596000,306000
Incendies,9/4/2010,6800000,7103838,303838
From a Whisper to a Scream,9/25/1987,1100000,1400000,300000
Four Rooms,12/9/1995,4000000,4300000,300000
Paper Heart,7/31/2009,1000000,1296971,296971
Outside Providence,8/16/1999,7000000,7292175,292175
Surviving the Game,4/15/1994,7400000,7690013,290013
Anna Karenina,8/30/1935,1152000,1439000,287000
Poslednyaya skazka Rity,11/1/2012,200000,486937,286937
Flesh and the Devil,12/25/1926,373000,658000,285000
Shadow of the Vampire,5/15/2000,8000000,8279017,279017
Batman: The Killing Joke,7/21/2016,3500000,3775000,275000
The Watch,7/26/2012,68000000,68267862,267862
Killer of Sheep,11/14/1978,100000,362222,262222
Leprechaun 2,4/7/1994,2000000,2260622,260622
Cube,9/9/1997,250000,501818,251818
Airborne,9/17/1993,2600000,2850263,250263
Valentino,3/8/1951,1300000,1550000,250000
The Angrez,6/2/2006,50000,300000,250000
Another Gay Movie,4/28/2006,500000,745327,245327
Laitakaupungin valot,2/3/2006,1380000,1615018,235018
Ladri di biciclette,11/24/1948,133000,361712,228712
Barfly,9/2/1987,3000000,3221568,221568
FC Venus,12/30/2005,2196531,2411594,215063
Appaloosa,9/12/2008,20000000,20211394,211394
Tim,7/13/1979,600000,809000,209000
Na Igre,11/26/2009,3500000,3704408,204408
Ruby in Paradise,10/8/1993,800000,1001437,201437
Dark City,2/27/1998,27000000,27200316,200316
Lootera,4/4/2013,4100000,4300000,200000
The Signal,2/22/2007,50000,249905,199905
Angel Heart,3/6/1987,17000000,17185632,185632
The Fast and the Furious,2/15/1955,66000,250000,184000
Life in a Day,1/27/2011,45202,225861,180659
Bleed for This,11/4/2016,6000000,6174491,174491
The Painted Veil,11/23/1934,947000,1120000,173000
'N Beetje Verliefd,12/14/2006,800000,966214,166214
The Foot Fist Way,6/24/2006,79000,245000,166000
ആമേൻ,3/21/2013,110000,270000,160000
Bizim Aile,9/7/1975,65700,214600,148900
The Frisco Kid,7/6/1979,9200000,9346177,146177
Shikshanachya Aaicha Gho,1/15/2010,380000,520000,140000
Rane,5/27/1998,10000,150000,140000
The Hunchback of Notre Dame,6/21/1996,100000000,100138851,138851
Rabbit Hole,12/16/2010,5000000,5129058,129058
La battaglia di Algeri,9/8/1966,800000,921548,121548
The Dreamers,9/1/2003,15000000,15121165,121165
The Cheat,12/13/1915,17311,137365,120054
Theeviravaathi: The Terrorist,9/12/1998,24554,140021,115467
Mean Creek,1/15/2004,500000,603943,103943
The Heart is Deceitful Above All Things,9/15/2004,74050,176153,102103
S. Darko,4/28/2009,4000000,4100000,100000
Dingo,6/2/1991,200000,300000,100000
ಲೂಸಿಯಾ,10/19/2013,79000,170000,91000
Swoon,9/11/1992,250000,340147,90147
Where the Wild Things Are,10/16/2009,100000000,100086793,86793
Mala noćna muzika,1/1/2002,200000,286000,86000
Dracula: Prince of Darkness,1/9/1966,280379,364937,84558
Bellflower,4/16/2011,17000,101236,84236
The Thief of Bagdad,3/18/1924,1135654,1213880,78226
Stoker,2/28/2013,12000000,12077441,77441
Jawbreaker,1/30/1999,3000000,3076820,76820
The Castle,4/10/1997,786675,861789,75114
Absolute Power,2/14/1997,50000000,50068310,68310
The Disappearance of Alice Creed,9/12/2009,800000,867714,67714
Bande à part,8/5/1964,120000,182857,62857
Beautiful Creatures,2/13/2013,60000000,60052138,52138
Miranda,4/6/1948,784170,834332,50162
The Rapture,10/4/1991,1227401,1277401,50000
Basquiat,8/9/1996,2962051,3011195,49144
Following,9/12/1998,6000,48482,42482
Death Proof,5/21/2007,25000000,25037897,37897
West Is West,10/19/2010,3837625,3867000,29375
Bwakaw,9/5/2012,11178,34659,23481
Captive,9/5/2012,11180,24591,13411
Quiet City,3/12/2007,2500,15425,12925
Nick of Time,11/22/1995,8169363,8175346,5983
Star of Midnight,4/19/1935,280,831,551
Falling From Grace,2/21/1992,3,232,229
The Mysterious Lady,8/4/1928,337,551,214
The Cherry Orchard,1/1/1999,5,135,130
Make Your Move,8/7/2013,15,122,107
Lost & Found,4/23/1999,1,100,99
Every Which Way But Loose,12/19/1978,5,85,80
Rugrats in Paris: The Movie,9/14/2000,30,103,73
वांटेड,9/18/2009,75,134,59
Boy,2/14/2010,3,43,40
The Immortals,10/5/1995,50,83,33
Madonna: Truth or Dare,5/10/1991,4,29,25
A Farewell to Arms,12/8/1932,4,25,21
A Farewell to Arms,12/8/1932,4,25,21
Starter for 10,9/13/2006,8,21,13
The Prophecy,9/1/1995,8,16,8
East of Eden,3/9/1955,1,5,4
Saamy,5/5/2003,1,3,2
Pollock,9/6/2000,6,8,2
Hross í oss,8/30/2013,10,11,1
예의없는 것들,8/24/2006,3,4,1
Tere Naam,8/15/2003,1,2,1
தீணா,1/14/2001,500000,500000,0
The Letters,12/4/2015,1,1,0
Villan,12/5/2002,500000,500000,0
Citizen,6/8/2001,500000,500000,0
Desmundo,11/8/2002,3,3,0
Bikini Spring Break,6/26/2012,500000,500000,0
Amarkalam,8/25/1999,500000,500000,0
Vaali,5/1/1999,500000,500000,0
Lost in the Sun,11/5/2015,25000,25000,0
காதல�?கோட்டை,7/12/1996,500000,500000,0
முகவரி,2/2/2000,500000,500000,0
Treehouse,10/20/2014,3250000,3250000,0
Varalaru,10/20/2006,500000,500000,0
F.I.S.T.,4/26/1978,11,11,0
The War of the Worlds,8/13/1953,2000000,2000000,0
Narco,12/1/2004,823258,823258,0
Kandukondain Kandukondain,5/5/2000,500000,500000,0
Bran Nue Dae,8/9/2009,7,7,0
Raja Natwarlal,8/29/2014,5,4,-1
Mute Witness,9/28/1995,2,1,-1
Miami Rhapsody,1/27/1995,6,5,-1
Split Second,5/1/1992,7,5,-2
William & Kate,4/18/2011,20,15,-5
The Wind in the Willows,10/16/1996,12,1,-11
Angela's Ashes,12/25/1999,25,13,-12
The 51st State,12/7/2001,28,14,-14
Man Trouble,7/17/1992,30,4,-26
I Married a Strange Person!,8/28/1998,250,203,-47
Bodyguard,8/31/2011,130,8,-122
Sunday,8/27/1997,450,288,-162
Vibes,8/5/1988,1884000,1883811,-189
American Adobo,9/29/2001,344,4,-340
"\"검사외�?\"\"After a prosecution lawyer is framed and convicted for murder\"",2/3/2016,500,50,-450
Assisted Living,2/2/2005,500,41,-459
The Merry Widow,8/26/1925,592,1,-591
Loving,11/4/2016,9000000,8996802,-3198
The Afflicted,10/22/2011,180000,175742,-4258
Four Eyed Monsters,1/21/2005,250000,245000,-5000
Stitches,5/19/2012,100000,95000,-5000
Nasty Old People,10/10/2009,15000,5300,-9700
Eegah,6/8/1962,15000,3274,-11726
Wish I Was Here,1/18/2014,5500000,5483299,-16701
Big Fan,1/18/2009,250000,232732,-17268
Win a Date with Tad Hamilton!,1/23/2004,17000000,16980098,-19902
Down Terrace,9/1/2009,31192,10000,-21192
Latter Days,7/10/2003,850000,819939,-30061
Vivre sa vie: film en douze tableaux,9/20/1962,64000,24517,-39483
Une Femme est une femme,9/6/1961,160000,100655,-59345
Peeping Tom,4/6/1960,150000,83957,-66043
Manny & Lo,1/22/1996,500000,431326,-68674
Wabash Avenue,3/31/1950,2115000,2039000,-76000
El Abrazo de la Serpiente,5/25/2015,1400000,1320005,-79995
The 33,8/6/2015,25000000,24902723,-97277
Not of This Earth,5/20/1988,210000,107352,-102648
Vulgar,9/13/2000,120000,14904,-105096
Dahmer,6/21/2002,250000,144008,-105992
Burn,11/1/2012,225000,111300,-113700
Smashed,9/12/2012,500000,376597,-123403
Logan,9/10/2010,135000,10474,-124526
The House of Usher,9/11/2007,130000,1677,-128323
Running Time,12/18/1997,130000,1596,-128404
Serenity,8/25/2005,39000000,38869464,-130536
Raise Your Voice,8/10/2004,15000000,14867514,-132486
Charly,9/23/1968,950000,814666,-135334
Scouts Guide to the Zombie Apocalypse,10/23/2015,15000000,14860766,-139234
Intermission,8/29/2003,5000000,4856298,-143702
Brigham City,3/30/2001,1000000,852206,-147794
Tanu Weds Manu,3/25/2011,400000,252000,-148000
The Transformers: The Movie,8/8/1986,6000000,5849647,-150353
羅生門,12/26/1950,250000,96568,-153432
The Hitcher,2/21/1986,6000000,5844868,-155132
90 Minutes in Heaven,9/11/2015,5000000,4842699,-157301
Fire in the Sky,3/12/1993,19885552,19724334,-161218
Win Win,3/18/2011,10831173,10654385,-176788
A United Kingdom,11/25/2016,14000000,13819139,-180861
Утомлённые солнцем,5/1/1994,2800000,2616503,-183497
Il capitale umano,1/9/2014,6000000,5809330,-190670
Happiness,10/16/1998,3000000,2807390,-192610
The Canyons,7/29/2013,250000,56825,-193175
Afflicted,4/4/2014,318000,121179,-196821
Dr. Horrible's Sing-Along Blog,7/15/2008,200000,3,-199997
True Romance,9/9/1993,12500000,12281551,-218449
Panic,12/1/2000,1000000,779137,-220863
Поводир,11/12/2014,722083,499168,-222915
Behind the Burly Q,4/23/2010,250000,23859,-226141
The Brave One,9/14/2007,70000000,69766619,-233381
P2,11/9/2007,8000000,7766240,-233760
Sex Drive,10/16/2008,19000000,18755936,-244064
Pushing Hands,2/1/1992,400000,152322,-247678
Te3n,6/10/2016,5069632,4817642,-251990
Boy Culture,1/31/2007,500000,220151,-279849
Raising Helen,5/27/2004,50000000,49718611,-281389
Zid,11/28/2014,1556288,1268395,-287893
Your Friends & Neighbors,2/4/1998,5000000,4710749,-289251
रावण,6/18/2010,4500000,4200000,-300000
Twelve and Holding,9/11/2005,400000,95687,-304313
Sunshine Superman,5/22/2015,400000,88097,-311903
Star!,7/18/1968,14320000,14000000,-320000
Kill List,9/2/2011,500000,171760,-328240
The Lords of Salem,9/10/2012,1500000,1165882,-334118
May,1/13/2002,500000,150277,-349723
Clue,12/13/1985,15000000,14643997,-356003
Jackpot,7/26/2001,400000,43719,-356281
Антикиллер Д.К.: Любовь без памяти,12/3/2009,2500000,2141028,-358972
Unknown,11/3/2006,3700000,3338228,-361772
Seeking a Friend for the End of the World,6/22/2012,10000000,9636289,-363711
Le passé,5/17/2013,11000000,10631747,-368253
Beröringen,7/14/1971,6900000,6530000,-370000
Le Mépris,10/21/1963,900000,528428,-371572
Fiza,9/8/2000,1000000,623791,-376209
2 Coelhos,1/20/2012,2000000,1620436,-379564
Batman: Mask of the Phantasm,12/25/1993,6000000,5617391,-382609
הסיפור של יוסי,5/16/2012,500000,116207,-383793
Duniyadari,7/19/2014,390000,3,-389997
The Amazing Truth About Queen Raquela,3/7/2008,400000,5255,-394745
Rubber,7/9/2010,500000,98017,-401983
En kongelig affære,3/29/2012,8000000,7594693,-405307
Die Angst des Tormanns beim Elfmeter,2/19/1972,410000,100,-409900
Texas Chainsaw Massacre: The Next Generation,1/1/1994,600000,185898,-414102
Hamlet,5/12/2000,2000000,1568749,-431251
Fire and Ice,3/25/1983,1200000,760883,-439117
Red Lights,3/2/2012,14000000,13551174,-448826
Strangeland,10/2/1998,1100000,631221,-468779
Aquarius,9/1/2016,762241,285930,-476311
Peter and Vandy,1/1/2009,500000,11276,-488724
Biker Boyz,1/31/2003,24000000,23510601,-489399
Squeeze,6/6/1997,500000,10300,-489700
Zvezda,5/6/2002,1300000,809000,-491000
Ridicule,5/9/1996,3000000,2503829,-496171
White Girl,9/2/2016,700000,200242,-499758
Šišanje,10/6/2010,500000,198,-499802
Miss Julie,9/7/2014,5500000,5000000,-500000
Anjaana Anjaani,9/24/2010,6400000,5900000,-500000
Forever Fever,5/28/1998,1070000,570000,-500000
The Quiet,9/12/2005,900000,381420,-518580
Ace in the Hole,6/29/1951,1821052,1300000,-521052
The Diary of a Teenage Girl,8/7/2015,2000000,1477002,-522998
Talk Radio,12/21/1988,4000000,3468572,-531428
Blue Car,1/11/2002,1000000,464000,-536000
Jagal,8/31/2012,1000000,444575,-555425
No End in Sight,7/27/2007,2000000,1431623,-568377
Drowning Mona,3/3/2000,16000000,15427192,-572808
On the Job,5/23/2013,1052753,466088,-586665
Я остаюсь,4/19/2007,1000000,404785,-595215
A Girl Walks Home Alone at Night,1/19/2014,1000000,395000,-605000
Stake Land,9/30/2010,650000,33245,-616755
Edge of Seventeen,5/14/1998,1500000,870751,-629249
Galaxina,6/6/1980,5500000,4865000,-635000
The Next Best Thing,3/3/2000,25000000,24362772,-637228
The Frighteners,7/18/1996,30000000,29359216,-640784
Fish Tank,5/14/2009,3000000,2357852,-642148
Vượt Sóng,2/22/2006,1300000,639000,-661000
A Place Called Chiapas,2/20/1998,891000,229000,-662000
The Tracey Fragments,2/8/2007,700000,31576,-668424
The Innkeepers,12/1/2011,750000,78396,-671604
Alatriste,9/1/2006,24000000,23321954,-678046
Zathura: A Space Adventure,11/6/2005,65000000,64321501,-678499
Shaft in Africa,6/14/1973,2142000,1458000,-684000
Critters 2,4/29/1988,4500000,3813293,-686707
Naturally Native,10/8/1999,700000,10508,-689492
The Girlfriend Experience,1/20/2009,1700000,1007962,-692038
Bel Ami,3/9/2012,9000000,8303261,-696739
Native Son,12/24/1986,2000000,1301121,-698879
Foolish Wives,1/11/1922,1100000,400200,-699800
La mariée était en noir,3/22/1968,747000,44566,-702434
Lars and the Real Girl,10/12/2007,12000000,11293663,-706337
31,9/15/2016,1500000,779820,-720180
Blue in the Face,9/15/1995,2000000,1275000,-725000
Taxi to the Dark Side,4/30/2007,1000000,274661,-725339
Napola �?Elite für den Führer,7/4/2004,4500000,3764219,-735781
The Mudge Boy,1/17/2003,800000,62852,-737148
The Pirate,6/11/1948,3700000,2956000,-744000
Crimes and Misdemeanors,10/13/1989,19000000,18254702,-745298
Все и сразу,6/5/2014,750000,3,-749997
College,8/28/2008,7000000,6230276,-769724
Space Battleship Yamato,12/1/2010,12000000,11212294,-787706
The Ballad of Jack and Rose,3/25/2005,1500000,712294,-787706
Bulworth,5/15/1998,30000000,29202884,-797116
Center Stage,5/12/2000,18000000,17200925,-799075
The Treatment,4/8/2006,900000,82701,-817299
Kidulthood,3/3/2006,994000,165000,-829000
Ken Park,8/31/2002,1300000,447741,-852259
American Ultra,8/19/2015,28000000,27139524,-860476
The House of Yes,10/10/1997,1500000,626057,-873943
The Black Dahlia,9/15/2006,50000000,49111202,-888798
After.Life,4/9/2010,4500000,3606395,-893605
L!fe Happens,6/18/2011,930000,30905,-899095
Top Dog,4/28/1995,6000000,5093707,-906293
The Night Flier,4/30/1997,1000000,91549,-908451
Faster,11/23/2010,24000000,23081726,-918274
Dear Zindagi,11/24/2016,4300000,3376375,-923625
Norm of the North,1/14/2016,18000000,17062499,-937501
Camp X-Ray,10/17/2014,1000000,59744,-940256
Prison,3/4/1988,1300000,354704,-945296
Bottle Shock,8/6/2008,5000000,4040588,-959412
We Need to Talk About Kevin,9/28/2011,7000000,6038942,-961058
We Don't Live Here Anymore,1/20/2004,3000000,2037545,-962455
Lieksa!,9/14/2007,1400000,435000,-965000
What's Eating Gilbert Grape,12/17/1993,11000000,10032765,-967235
Tusk,9/19/2014,2800000,1826705,-973295
Itty Bitty Titty Committee,2/9/2007,1000000,18479,-981521
The Concorde... Airport '79,8/17/1979,14000000,13015688,-984312
Waltzing Anna,8/11/2006,1000000,11455,-988545
Alone With Her,4/28/2006,1000000,10018,-989982
Honeymoon,9/12/2014,1000000,9318,-990682
Special,1/30/2006,1000000,7202,-992798
Wilson,8/1/1944,2995000,2000000,-995000
The End of Poverty?,5/19/2008,1000000,57,-999943
Big Game,9/5/2014,8500000,7500000,-1000000
On Deadly Ground,2/18/1994,50000000,49000000,-1000000
Glukhar v kino,5/6/2010,2500000,1477030,-1022970
Добрыня Никитич и Змей Горыныч,3/16/2006,4500000,3468423,-1031577
The Founder,11/24/2016,25000000,23964782,-1035218
A Scanner Darkly,5/25/2006,8700000,7659918,-1040082
Na Kryuchke!,2/3/2011,3000000,1957000,-1043000
Mustang,6/17/2015,1300000,250000,-1050000
Runaway Train,11/15/1985,9000000,7936012,-1063988
Sukiyaki Western Django,9/15/2007,3800000,2725258,-1074742
Mechenosets,10/12/2006,5000000,3919731,-1080269
Killing Zoe,10/1/1993,1500000,418961,-1081039
The Believer,1/19/2001,1500000,416925,-1083075
Chandni Chowk To China,1/16/2009,10500000,9400000,-1100000
Il cartaio,1/2/2004,2600000,1479042,-1120958
Session 9,8/10/2001,1500000,373967,-1126033
Higher Ground,8/26/2011,2000000,841733,-1158267
Double Dragon,11/4/1994,3500000,2341309,-1158691
Trailer Park Boys: The Movie,10/6/2006,5000000,3833507,-1166493
Sid & Nancy,11/7/1986,4000000,2826523,-1173477
Soul Plane,5/28/2004,16000000,14822346,-1177654
20th Century Women,12/25/2016,7000000,5816211,-1183789
Body Double,10/25/1984,10000000,8801940,-1198060
Córki dancingu,12/25/2015,1300000,101657,-1198343
Poor White Trash,6/16/2000,1200000,1404,-1198596
Na Igre 2. Novyy Uroven,4/15/2010,3500000,2294357,-1205643
Rambling Rose,9/10/1991,7500000,6266621,-1233379
The Wicker Man,9/1/2006,40000000,38755073,-1244927
Fortress,9/30/1992,8000000,6739141,-1260859
Kaappari,1/17/2013,1800000,532269,-1267731
Aferim!,1/22/2015,1379375,105097,-1274278
Vampire's Kiss,9/17/1988,2000000,725131,-1274869
Voditel dlya Very,7/27/2004,3300000,2011837,-1288163
Catch That Kid,2/6/2004,18000000,16702864,-1297136
The Silver Chalice,12/20/1954,4500000,3200000,-1300000
Космос как предчувствие,6/23/2005,2000000,696681,-1303319
The Lair of the White Worm,9/14/1988,2500000,1189315,-1310685
Waste Land,1/24/2010,1500000,187716,-1312284
Nothing Left to Fear,9/26/2013,3000000,1675381,-1324619
My Name Is Bruce,10/1/2007,1500000,173066,-1326934
Mambo Italiano,6/6/2003,4361898,3031801,-1330097
All About Eve,11/9/1950,1400000,63463,-1336537
Inside Deep Throat,2/11/2005,2000000,653621,-1346379
南京!南京!,4/22/2009,12000000,10652498,-1347502
Batalla en el cielo,5/15/2005,1601792,253527,-1348265
Sherrybaby,9/8/2006,2000000,622806,-1377194
만추,9/10/2010,6200000,4820000,-1380000
Sur la Piste du Marsupilami,4/3/2012,50000000,48600000,-1400000
Fired Up!,2/20/2009,20000000,18599102,-1400898
L'Auberge espagnole,5/17/2002,5300000,3897799,-1402201
Mommy,5/22/2014,4900000,3494070,-1405930
Шпион,4/5/2012,6000000,4588176,-1411824
The Losers,4/23/2010,25000000,23580000,-1420000
I Spit on Your Grave,6/17/2010,2000000,572809,-1427191
The New Adventures of Pippi Longstocking,7/6/1988,5000000,3569939,-1430061
The Virginity Hit,9/10/2010,2000000,563706,-1436294
The Mother,1/1/2003,2500000,1062253,-1437747
Beautiful,4/27/2009,1500000,56000,-1444000
Pontypool,3/6/2009,1500000,32000,-1468000
City Lights,1/30/1931,1500000,19181,-1480819
Captain Ron,9/18/1992,24000000,22518097,-1481903
Night on Earth,10/3/1991,3500000,2015810,-1484190
Best Man Down,10/20/2012,1500000,1938,-1498062
A Countess from Hong Kong,1/5/1967,3500000,2000000,-1500000
It's Kind of a Funny Story,7/6/2010,8000000,6491240,-1508760
The Myth Of Fingerprints,9/17/1997,2000000,458815,-1541185
Night Of The Living Dead 3D,5/6/2007,3000000,1449945,-1550055
Beyond the Mat,10/22/1999,2053648,500000,-1553648
Ladyhawke,3/27/1985,20000000,18432000,-1568000
You Kill Me,2/9/2007,4000000,2426851,-1573149
Simply Irresistible,2/5/1999,6000000,4398989,-1601011
Шапито-шоу,12/12/2011,2000000,393816,-1606184
Subway,4/10/1985,2000000,390659,-1609341
Barfi!,9/14/2012,4437508,2804874,-1632634
Joe,4/11/2014,4000000,2365467,-1634533
Roadgames,6/26/1981,1750000,100000,-1650000
Monkey Shines,7/29/1988,7000000,5344577,-1655423
Bacalaureat,5/20/2016,2000000,343617,-1656383
幸福时光,12/31/2000,1900000,240093,-1659907
Hot Tub Time Machine 2,2/20/2015,14000000,12314651,-1685349
Standing Still,1/2/2005,1700000,12762,-1687238
Tutta la vita davanti,3/28/2008,5940000,4250000,-1690000
Table 19,1/20/2017,5000000,3305592,-1694408
Bad Words,9/6/2013,9500000,7800000,-1700000
Ten Canoes,6/29/2006,2000000,300000,-1700000
One-Eyed Jacks,3/30/1961,6000000,4300000,-1700000
The Pick-up Artist,9/18/1987,15000000,13290368,-1709632
Нирвана,7/3/2008,2000000,273137,-1726863
七人の侍,4/26/1954,2000000,271841,-1728159
The TV Set,4/28/2006,2000000,265198,-1734802
The Sweet Hereafter,5/14/1997,5000000,3263585,-1736415
The Age of Innocence,9/17/1993,34000000,32255440,-1744560
Simon Birch,9/11/1998,20000000,18253415,-1746585
Glengarry Glen Ross,9/15/1992,12500000,10725228,-1774772
Green Room,4/15/2016,5000000,3220371,-1779629
Original Gangstas,5/10/1996,4800000,3014000,-1786000
L'avenir,3/16/2016,2100000,282382,-1817618
Quest for Camelot,5/15/1998,40000000,38172500,-1827500
G.I. Jane,8/22/1997,50000000,48169156,-1830844
Death of a President,10/27/2006,2000000,167000,-1833000
Гороскоп на удачу,7/16/2015,2800000,964206,-1835794
Miracle Mile,5/19/1989,3000000,1145404,-1854596
Flypaper,8/19/2011,5000000,3142154,-1857846
The Astronaut Farmer,10/15/2006,13000000,11130889,-1869111
The Raid 2: Berandal,3/27/2014,4500000,2627209,-1872791
Six-String Samurai,9/18/1998,2000000,124494,-1875506
It's All Gone Pete Tong,9/12/2004,2000000,120620,-1879380
Bamako,6/21/2006,2000000,111000,-1889000
Lock Up,8/4/1989,24000000,22099847,-1900153
Take Shelter,11/25/2011,5000000,3099314,-1900686
Powaqqatsi,4/29/1988,2500000,589244,-1910756
Fehér Isten,6/12/2014,2200000,282358,-1917642
25th Hour,12/16/2002,15000000,13060843,-1939157
Aftershock,9/12/2012,2000000,58510,-1941490
Warrior,9/9/2011,25000000,23057115,-1942885
Return of the Living Dead 3,10/1/1993,2000000,54207,-1945793
Heavenly Creatures,9/2/1994,5000000,3049135,-1950865
Decoding Annie Parker,5/2/2014,2000000,48390,-1951610
Lost River,4/8/2015,2000000,45431,-1954569
Cowboys & Angels,5/14/2003,2000000,33700,-1966300
Kingpin,7/4/1996,27000000,25023434,-1976566
Cruel World,9/1/2005,2000000,16344,-1983656
Guinevere,9/4/1999,2600000,614202,-1985798
Stolen Lives,10/10/2009,2000000,7306,-1992694
Exorcist: The Beginning,8/20/2004,80000000,78000586,-1999414
Zyzzyx Road,2/25/2006,2000000,30,-1999970
Dreaming of Joseph Lees,10/29/1999,2000000,7,-1999993
Evan Almighty,6/9/2007,175000000,173000000,-2000000
Myra Breckinridge,6/24/1970,5000000,3000000,-2000000
Dans les forêts de Sibérie,6/15/2016,3500000,1492523,-2007477
Los cronocrímenes,9/20/2007,2600000,553198,-2046802
Boris - Il film,4/1/2011,3347850,1248748,-2099102
Bedknobs and Broomsticks,10/7/1971,20000000,17900000,-2100000
Away We Go,6/5/2009,17000000,14899417,-2100583
Nightbreed,2/16/1990,11000000,8862354,-2137646
Like Dandelion Dust,2/5/2009,2500000,352810,-2147190
Toni Erdmann,7/14/2016,3537415,1390172,-2147243
Fred Claus,11/3/2007,100000000,97838349,-2161651
Dead Calm,4/7/1989,10000000,7825000,-2175000
Super,9/9/2010,2500000,324138,-2175862
School for Scoundrels,9/29/2006,20000000,17807569,-2192431
Орлеан,9/17/2015,2500000,302000,-2198000
Delicatessen,4/17/1991,4000000,1794187,-2205813
Manhattan Murder Mystery,8/18/1993,13500000,11285588,-2214412
La vida precoz y breve de Sabina Rivas,11/9/2012,4620000,2395000,-2225000
Pa Negre,10/10/2010,6000000,3770657,-2229343
Hard Contract,4/30/1969,4000000,1750000,-2250000
Curdled,9/6/1996,2300000,49620,-2250380
Hobo with a Shotgun,5/6/2011,3000000,748453,-2251547
Jimmy Vestvood: Amerikan Hero,3/13/2016,2500000,230069,-2269931
Алеша Попович и Тугарин Змей,12/23/2004,4000000,1730000,-2270000
The Other Side of Heaven,4/12/2001,7000000,4720371,-2279629
Detroit Rock City,8/13/1999,6500000,4217115,-2282885
Frankenhooker,6/1/1990,2500000,205068,-2294932
Life After Beth,8/15/2014,2400000,88273,-2311727
Matewan,8/28/1987,4000000,1680358,-2319642
The Quiet American,11/22/2002,30000000,27674124,-2325876
The Keep,12/16/1983,6000000,3661757,-2338243
Anomalisa,12/30/2015,8000000,5659286,-2340714
I Love You Phillip Morris,1/18/2009,13000000,10652035,-2347965
Frantic,2/16/1988,20000000,17637950,-2362050
Albert Nobbs,12/21/2011,8000000,5634828,-2365172
For Greater Glory - The True Story of Cristiada,6/1/2012,12000000,9622846,-2377154
I Know Who Killed Me,7/27/2007,12000000,9620399,-2379601
Surveillance,2/8/2008,3500000,1115493,-2384507
Everything Must Go,10/15/2010,5000000,2614773,-2385227
Bulletproof,9/6/1996,25000000,22611954,-2388046
Goal!: The Dream Begins,6/6/2005,30000000,27610873,-2389127
Sleep Dealer,12/10/2008,2500000,107559,-2392441
Macbeth,8/16/2015,15000000,12601706,-2398294
While We're Young,4/3/2015,10000000,7587485,-2412515
Banlieue 13,11/9/2004,12000000,9584131,-2415869
Eye of the Dolphin,8/24/2007,2500000,71904,-2428096
Dom durakov,12/6/2002,2500000,57862,-2442138
Hatchet II,8/26/2010,2500000,52604,-2447396
Батальонъ,2/20/2015,10000000,7547762,-2452238
Idioterne,4/28/1998,2500000,7235,-2492765
Nuit Blanche,11/14/2011,2500000,3358,-2496642
About Cherry,2/14/2012,2500000,3003,-2496997
Predestination,8/28/2014,5500000,3000000,-2500000
Inkheart,12/11/2008,60000000,57490374,-2509626
Bangkok Dangerous,8/21/2008,45000000,42487390,-2512610
Veronica Mars,3/13/2014,6000000,3485127,-2514873
Untraceable,1/22/2008,35000000,32483410,-2516590
Abre los ojos,12/19/1997,2900000,368234,-2531766
Wonderland,10/23/2003,5000000,2466444,-2533556
Matilda,8/2/1996,36000000,33459416,-2540584
Kill the Messenger,10/9/2014,5000000,2450846,-2549154
Nieve negra,1/19/2017,4000000,1440000,-2560000
The Incredible Burt Wonderstone,3/14/2013,30000000,27437881,-2562119
Capitalism: A Love Story,9/6/2009,20000000,17436509,-2563491
Hot to Trot,8/26/1988,9000000,6436211,-2563789
Maximum Overdrive,7/25/1986,10000000,7433663,-2566337
A Guy Thing,1/17/2003,20000000,17432163,-2567837
Monte Carlo,7/1/2011,20000000,17425000,-2575000
Fun Size,10/25/2012,14000000,11417362,-2582638
Black Dynamite,10/16/2009,2900000,296557,-2603443
El hombre de las mil caras,9/23/2016,5000000,2387127,-2612873
The Guest,9/17/2014,5000000,2367161,-2632839
Saving Silverman,2/9/2001,22000000,19351569,-2648431
Jem and the Holograms,10/22/2015,5000000,2333684,-2666316
Bones,10/24/2001,10000000,7316658,-2683342
Club Paradise,7/11/1986,15000000,12308521,-2691479
Shooting Fish,8/22/1997,3000000,302204,-2697796
Only the Strong,8/27/1993,6000000,3283371,-2716629
12 Rounds,3/19/2009,20000000,17280326,-2719674
Snowden,9/15/2016,40000000,37279439,-2720561
Cry-Baby,4/5/1990,11000000,8266343,-2733657
Bliss,10/4/1985,3400000,660537,-2739463
Class of 1999,5/11/1990,5200000,2459895,-2740105
Austenland,8/15/2013,4900000,2159041,-2740959
Love,7/6/2015,3000000,249083,-2750917
Rendition,9/7/2007,27500000,24748670,-2751330
Mobsters,7/26/1991,23000000,20246790,-2753210
Braindead,8/13/1992,3000000,242623,-2757377
Gymkata,5/3/1985,8500000,5730596,-2769404
Hard Eight,2/28/1996,3000000,222559,-2777441
Gåten Ragnarok,11/11/2013,6500000,3721345,-2778655
The Hollars,8/25/2016,3800000,1016985,-2783015
Dead & Buried,5/29/1981,3000000,216166,-2783834
Hideaway,3/3/1995,15000000,12201255,-2798745
Don Juan DeMarco,10/1/1994,25000000,22200000,-2800000
Rescue Dawn,9/9/2006,10000000,7177143,-2822857
No One Lives,3/9/2013,2900000,74918,-2825082
Морфий,11/27/2008,3600000,766075,-2833925
Barton Fink,8/1/1991,9000000,6153939,-2846061
Citizen Ruth,12/13/1996,3000000,153155,-2846845
Paterson,11/17/2016,5000000,2152738,-2847262
Sydney White,9/21/2007,16500000,13620075,-2879925
The Bronze,1/22/2016,3500000,615816,-2884184
The Dilemma,1/13/2011,70000000,67112664,-2887336
All Is Lost,10/18/2013,9000000,6108720,-2891280
Red State,8/19/2011,4000000,1104682,-2895318
Freakonomics,10/1/2010,3000000,103735,-2896265
It Came from Hollywood,12/10/1982,5000000,2091037,-2908963
The Wiz,10/24/1978,24000000,21049053,-2950947
Racing with the Moon,3/23/1984,9000000,6045657,-2954343
The Three Burials of Melquiades Estrada,11/17/2005,15000000,12036149,-2963851
This Is Elvis,4/4/1981,5000000,2028612,-2971388
The Joneses,9/13/2009,10000000,7022728,-2977272
The Divide,3/13/2011,3000000,22000,-2978000
Women in Trouble,11/13/2009,3000000,18097,-2981903
Naqoyqatsi,9/2/2002,3000000,13308,-2986692
ATM,2/17/2012,3000000,3010,-2996990
Knockaround Guys,9/7/2001,15000000,12000000,-3000000
Tristan & Isolde,4/7/2006,31000000,28000000,-3000000
The Return,11/10/2006,15000000,11992014,-3007986
Zero Effect,1/30/1998,5000000,1980338,-3019662
Death Sentence,8/31/2007,20000000,16974459,-3025541
Shattered Glass,11/14/2003,6000000,2944752,-3055248
Elles,9/9/2011,4000000,911466,-3088534
Go Go Tales,5/23/2007,4000000,907456,-3092544
The Wackness,7/3/2008,6000000,2899975,-3100025
One for the Money,1/26/2012,40000000,36893721,-3106279
The Amateur,12/11/1981,10000000,6892098,-3107902
Mirrormask,1/25/2005,4000000,866999,-3133001
The Cold Light of Day,4/4/2012,20000000,16863583,-3136417
Bitter Moon,9/2/1992,5000000,1862805,-3137195
An Awfully Big Adventure,7/21/1995,4000000,851545,-3148455
What If,9/7/2013,11000000,7847000,-3153000
Mindscape,10/13/2013,4357373,1200000,-3157373
The Invisible,4/27/2007,30000000,26810113,-3189887
Faithful,4/3/1996,13000000,9789900,-3210100
Local Color,9/19/2006,3250000,32788,-3217212
The Rage: Carrie 2,3/11/1999,21000000,17762705,-3237295
From Beyond,6/5/1986,4500000,1261000,-3239000
Le dernier souffle,3/25/1999,3800000,559298,-3240702
1941,12/13/1979,35000000,31755742,-3244258
Men with Brooms,9/20/2002,7500000,4245870,-3254130
Opposite Sex,11/8/2014,3300000,45000,-3255000
The Big Kahuna,4/28/2000,7000000,3728888,-3271112
Death Wish 5: The Face of Death,1/14/1994,5000000,1702394,-3297606
Кавказская пленница!,8/21/2014,3500000,179000,-3321000
Apartment Zero,9/30/1988,4000000,670774,-3329226
The Cat's Meow,8/3/2001,7000000,3646994,-3353006
Winter Passing,2/7/2006,3500000,113783,-3386217
For Richer or Poorer,12/11/1997,35000000,31611225,-3388775
Paparazzi,9/3/2004,20000000,16605763,-3394237
Camille Claudel 1915,3/13/2013,3512454,115860,-3396594
Camille Claudel 1915,3/13/2013,3512454,115860,-3396594
The Signal,3/15/2014,4000000,600896,-3399104
Swing Vote,8/1/2008,21000000,17600000,-3400000
He Got Game,5/1/1998,25000000,21567853,-3432147
4.3.2.1,6/2/2010,4600000,1163967,-3436033
La terza madre,9/6/2007,3500000,54947,-3445053
Battle of the Year,9/21/2013,20000000,16549477,-3450523
Defendor,9/12/2009,3500000,44462,-3455538
Oorlogswinter,11/17/2008,4000000,530048,-3469952
Club Dread,2/27/2004,8500000,5001655,-3498345
Gods and Monsters,1/21/1998,10000000,6451628,-3548372
People Like Us,6/29/2012,16000000,12434778,-3565222
Head Over Heels,2/2/2001,14000000,10424470,-3575530
Paradies: Liebe,4/27/2012,3600000,24267,-3575733
The Doors,3/1/1991,38000000,34416893,-3583107
Антидурь,9/6/2007,5000000,1413000,-3587000
Search and Destroy,1/1/1995,4000000,389503,-3610497
Ella Enchanted,4/9/2004,31000000,27388767,-3611233
15 Minutes,3/1/2001,60000000,56359980,-3640020
Another Happy Day,11/18/2011,4000000,355688,-3644312
The Face of Love,10/25/2013,4000000,350006,-3649994
Nobel Son,4/28/2007,4000000,333912,-3666088
Saint John of Las Vegas,6/10/2009,3800000,111731,-3688269
Der Räuber,2/14/2010,3900000,208475,-3691525
Prêt-à-Porter,12/23/1994,15000000,11300653,-3699347
The Black Cauldron,7/24/1985,25000000,21288692,-3711308
Frankenweenie,10/4/2012,39000000,35287788,-3712212
Max Steel,10/14/2016,10000000,6272403,-3727597
Closet Land,3/6/1991,4000000,259012,-3740988
The Master,9/7/2012,32000000,28258060,-3741940
The Music Never Stopped,3/18/2011,4000000,253899,-3746101
Life During Wartime,10/10/2009,4500000,744816,-3755184
RRRrrrr!!!,1/28/2004,17820000,14054361,-3765639
Balada triste de trompeta,12/17/2010,7000000,3218666,-3781334
Major Dundee,4/7/1965,3800000,14873,-3785127
Белый тигр,5/3/2012,11000000,7200000,-3800000
Repentance,2/28/2014,5000000,1189612,-3810388
Maggie,5/8/2015,4000000,187112,-3812888
Casualties of War,8/18/1989,22500000,18671317,-3828683
Videodrome,2/4/1983,5952000,2120439,-3831561
Band of the Hand,4/11/1986,8700000,4865912,-3834088
Bride Flight,10/15/2008,6400000,2556911,-3843089
Los lunes al sol,9/27/2002,4000000,146402,-3853598
Manglehorn,6/3/2015,4000000,143101,-3856899
Mallrats,10/20/1995,6000000,2122561,-3877439
Dragonslayer,6/26/1981,18000000,14110013,-3889987
MacGruber,5/21/2010,10000000,6110000,-3890000
Young Adam,9/26/2003,6400000,2500000,-3900000
Premium Rush,8/24/2012,35000000,31083599,-3916401
The Loft,10/14/2014,14000000,10076790,-3923210
17 filles,6/13/2011,4141459,201607,-3939852
Dirty Girl,9/12/2010,4000000,55125,-3944875
December Boys,9/20/2007,4000000,46474,-3953526
Hanging Up,2/16/2000,40000000,36037909,-3962091
Novocaine,11/23/2001,6000000,2025238,-3974762
The Sacrament,9/2/2013,4000000,9221,-3990779
Animal Kingdom,6/3/2010,5000000,1000000,-4000000
Ladrón que roba a ladrón,8/31/2007,4002313,6,-4002307
Doom,10/20/2005,60000000,55987321,-4012679
Bad Company,6/7/2002,70000000,65977295,-4022705
La grande bellezza,5/21/2013,12400000,8371085,-4028915
Teaching Mrs. Tingle,8/11/1999,13000000,8946237,-4053763
Bright Star,11/5/2009,8500000,4440055,-4059945
The Rundown,9/26/2003,85000000,80916492,-4083508
Black Snake Moan,12/8/2006,15000000,10903846,-4096154
The East,5/31/2013,6500000,2401510,-4098490
The Alamo,10/23/1960,12000000,7900000,-4100000
Tough Guys Don't Dance,9/18/1987,5000000,858250,-4141750
The Work and the Glory,11/24/2004,7500000,3347647,-4152353
At Close Range,4/18/1986,6500000,2347000,-4153000
Atlas Shrugged Part III: Who is John Galt?,9/12/2014,5000000,846704,-4153296
Bulletproof,4/20/1988,5000000,807947,-4192053
EuroTrip,2/20/2004,25000000,20796847,-4203153
Redacted,1/1/2007,5000000,782102,-4217898
Igby Goes Down,9/13/2002,9000000,4777465,-4222535
La Folle histoire de Max et Léon,11/1/2016,12156348,7900000,-4256348
Party Monster,9/5/2003,5000000,742898,-4257102
Mao's Last Dancer,10/1/2009,25000000,20719451,-4280549
Joyeux Noël,11/9/2005,22000000,17709155,-4290845
Everything is Illuminated,9/16/2005,7000000,2697930,-4302070
Anywhere But Here,11/12/1999,23000000,18653615,-4346385
The Road,11/25/2009,32000000,27635305,-4364695
The Purple Rose of Cairo,3/1/1985,15000000,10631333,-4368667
The Romantics,9/10/2010,4500000,123820,-4376180
The Dark Half,4/23/1993,15000000,10611160,-4388840
Anthropoid,8/12/2016,9000000,4600000,-4400000
Ernest et Célestine,12/12/2012,12516654,8109160,-4407494
キャシャーン,4/24/2004,6000000,1530216,-4469784
Two for the Money,10/7/2005,35000000,30526509,-4473491
The Work and the Glory II: American Zion,10/21/2005,6500000,2025032,-4474968
Mishima: A Life in Four Chapters,5/15/1985,5000000,502758,-4497242
At Long Last Love,3/1/1975,6000000,1500000,-4500000
Meet the Applegates,2/1/1991,5000000,485772,-4514228
Mimic,8/22/1997,30000000,25480490,-4519510
Wise Guys,4/17/1986,13000000,8475466,-4524534
The Greatest Story Ever Told,2/15/1965,20000000,15473333,-4526667
Dark Water,6/27/2005,30000000,25473093,-4526907
Tamara,5/12/2005,4750000,206871,-4543129
Wild Target,6/17/2010,8000000,3453043,-4546957
3 Generations,2/11/2016,5000000,443962,-4556038
Home Fries,11/25/1998,15000000,10443316,-4556684
A Prayer for the Dying,9/11/1987,6000000,1432687,-4567313
Les Invasions barbares,5/21/2003,8000000,3432342,-4567658
The Awakening,8/17/2011,4798235,209696,-4588539
Mr. Destiny,10/12/1990,20000000,15379253,-4620747
Queen of Katwe,9/23/2016,15000000,10367161,-4632839
Cake,9/7/2014,7000000,2360281,-4639719
Seeking Justice,9/2/2011,17000000,12355798,-4644202
PCU,4/29/1994,9000000,4350774,-4649226
Meet Bill,9/7/2007,5000000,346592,-4653408
Антикиллер,8/1/2002,5000000,340312,-4659688
No Escape,4/29/1994,20000000,15340000,-4660000
Masters of the Universe,8/7/1987,22000000,17336370,-4663630
The Year of Living Dangerously,12/17/1982,6000000,1317657,-4682343
Personal Shopper,10/19/2016,6000000,1305195,-4694805
해운대,6/6/2009,16000000,11301649,-4698351
Razorback,4/19/1984,5500000,801000,-4699000
Into the Night,2/15/1985,11400000,6700000,-4700000
Julia,2/9/2008,6000000,1300000,-4700000
Wet Hot American Summer,7/27/2001,5000000,295206,-4704794
A Bronx Tale,9/14/1993,22000000,17287898,-4712102
Donnie Darko,1/18/2001,6000000,1270522,-4729478
Pinocchio and the Emperor of the Night,8/6/1987,8000000,3261638,-4738362
Clouds of Sils Maria,8/20/2014,6600000,1851517,-4748483
Off Limits,3/11/1988,12000000,7242035,-4757965
Black and White,9/4/1999,10000000,5241315,-4758685
Brainstorm,9/30/1983,15000000,10219460,-4780540
Heist,11/13/2015,8900000,4100000,-4800000
Cool as Ice,10/18/1991,6000000,1193062,-4806938
The House of Mirth,9/23/2000,10000000,5164404,-4835596
Gaby: A True Story,10/30/1987,5000000,125400,-4874600
The Big Picture,9/15/1989,5000000,117463,-4882537
Mio min Mio,7/1/1987,7200000,2300000,-4900000
Better Living Through Chemistry,3/14/2014,5000000,75143,-4924857
The Secret of Moonacre,9/6/2008,12000000,7070330,-4929670
What Maisie Knew,5/2/2013,6000000,1066471,-4933529
Auto Focus,10/18/2002,7000000,2062066,-4937934
A Home at the End of the World,7/23/2004,6500000,1548955,-4951045
Viva la libertà,2/13/2013,5000000,48125,-4951875
CBGB,10/11/2013,5000000,40400,-4959600
Dead Ringers,9/23/1988,13000000,8038508,-4961492
Elizabethtown,10/6/2005,57000000,52034889,-4965111
Meet Monica Velour,6/4/2010,5000000,31649,-4968351
Road to Nowhere,4/13/2011,5000000,27046,-4972954
Woo,5/8/1998,13000000,8026971,-4973029
La Tête haute,5/13/2015,5000000,26144,-4973856
Hood of Horror,6/27/2006,5000000,25900,-4974100
The Messenger,11/13/2009,6500000,1521261,-4978739
5 Flights Up,9/5/2014,6000000,1020921,-4979079
13 Sins,4/18/2014,5000000,13809,-4986191
Analyze That,12/6/2002,60000000,55003135,-4996865
Philadelphia Experiment II,11/12/1993,5000000,2970,-4997030
A Perfect Man,11/1/2013,5000000,388,-4999612
Whatever It Takes,3/31/2000,15000000,9902115,-5097885
Edge of Darkness,1/29/2010,80000000,74901339,-5098661
Green Zone,3/11/2010,100000000,94882889,-5117111
The Four Feathers,9/8/2002,35000000,29882645,-5117355
Запрещeнная реальность,10/8/2009,7000000,1877122,-5122878
Beastmaster 2: Through the Portal of Time,6/8/1991,6000000,869325,-5130675
Blindness,5/14/2008,25000000,19844979,-5155021
My Soul to Take,10/8/2010,25000000,19829957,-5170043
The Work and the Glory III: A House Divided,11/22/2006,6500000,1325092,-5174908
Serial Mom,4/13/1994,13000000,7820688,-5179312
Centurion,2/15/2010,12000000,6814789,-5185211
The Lost City,9/3/2005,9600000,4386236,-5213764
Running with Scissors,10/27/2006,12000000,6754898,-5245102
Infinitely Polar Bear,1/18/2014,6700000,1430655,-5269345
King Kong Lives,11/21/1986,10000000,4711220,-5288780
Year of the Dragon,8/16/1985,24000000,18707466,-5292534
Human Nature,5/18/2001,6000000,705308,-5294692
Mutiny on the Bounty,11/8/1962,19000000,13680000,-5320000
Flipper,5/17/1996,25530000,20080020,-5449980
The Negotiator,7/29/1998,50000000,44547681,-5452319
The Right Stuff,10/20/1983,27000000,21500000,-5500000
Walker,12/4/1987,5800000,257043,-5542957
Never Let Me Go,9/15/2010,15000000,9455232,-5544768
Table For Five,2/18/1983,8000000,2439705,-5560295
Into the Blue,9/30/2005,50000000,44434439,-5565561
I Hope They Serve Beer in Hell,9/25/2009,7000000,1429299,-5570701
The Pledge,1/9/2001,35000000,29400000,-5600000
Bastille Day,4/22/2016,20000000,14397593,-5602407
The Wild Bunch,6/17/1969,6244087,638641,-5605446
While She Was Out,10/27/2008,6000000,391410,-5608590
Valhalla Rising,9/4/2009,5641880,30638,-5611242
Burke & Hare,10/29/2010,10000000,4349187,-5650813
The Neon Demon,6/8/2016,7000000,1333124,-5666876
Трудно быть богом,2/27/2013,7000000,1310673,-5689327
Atrapa la bandera,8/28/2015,14000000,8306690,-5693310
Mickey,5/2/2004,6000000,293793,-5706207
JCVD,6/4/2008,6000000,276891,-5723109
Showdown in Little Tokyo,8/23/1991,8000000,2275557,-5724443
The Time That Remains,8/12/2009,6500000,753808,-5746192
Losin' It,4/8/1983,7000000,1246141,-5753859
Dark Blue,12/14/2002,15000000,9237470,-5762530
Conviction,9/11/2010,12500000,6732980,-5767020
Victor Frankenstein,11/10/2015,40000000,34227298,-5772702
The Book of Henry,6/16/2017,10000000,4219536,-5780464
Judy Moody and the Not Bummer Summer,6/10/2011,20000000,14166853,-5833147
Twin Peaks: Fire Walk with Me,6/3/1992,10000000,4160851,-5839149
Mindhunters,5/7/2004,27000000,21148829,-5851171
Shadow Dancer,2/12/2012,6300000,419953,-5880047
Suite Française,11/5/2014,15000000,9104716,-5895284
Bad Moon,11/1/1996,7000000,1100000,-5900000
Johnny Mnemonic,5/26/1995,25000000,19075720,-5924280
Denial,9/30/2016,10000000,4073489,-5926511
The Visual Bible: The Gospel of John,9/11/2003,10000000,4069090,-5930910
The Hand,4/24/1981,6500000,566736,-5933264
Ben-Hur,8/17/2016,100000000,94061311,-5938689
Virtuosity,8/4/1995,30000000,24048000,-5952000
Mutant Chronicles,8/7/2008,8000000,2033165,-5966835
Song One,1/20/2014,6000000,32251,-5967749
Maniac,12/26/2012,6000000,31081,-5968919
The Boondock Saints,1/22/1999,6000000,30471,-5969529
Maurice Richard,10/25/2005,8000000,2019009,-5980991
Barefoot,2/2/2014,6000000,15071,-5984929
The Good Doctor,1/1/2011,6000000,5206,-5994794
Red Rock West,7/8/1993,8000000,2000000,-6000000
Blow Out,7/24/1981,18000000,12000000,-6000000
Zabriskie Point,2/9/1970,7000000,1000000,-6000000
Limbo,6/4/1999,8000000,1997807,-6002193
Children of Men,9/22/2006,76000000,69959751,-6040249
Gracie,6/1/2007,9000000,2955039,-6044961
Home on the Range,4/2/2004,110000000,103951461,-6048539
Perfect,6/7/1985,19000000,12918858,-6081142
Earth Girls Are Easy,9/8/1988,10000000,3916303,-6083697
ബാംഗ്ലൂർ ഡെയ്സ്,5/30/2014,7400000,1300000,-6100000
Permanent Record,4/22/1988,8000000,1893139,-6106861
Gimme Shelter,10/17/2013,7500000,1359910,-6140090
Black Rose,4/17/2014,7000000,855450,-6144550
My Stepmother is an Alien,12/9/1988,20000000,13854000,-6146000
In the Heart of the Sea,11/20/2015,100000000,93820758,-6179242
The Man Who Knew Too Little,11/14/1997,20000000,13801755,-6198245
Little Monsters,8/25/1989,7000000,793775,-6206225
Banlieue 13 - Ultimatum,2/18/2009,15000000,8786375,-6213625
The Rocker,8/20/2008,15000000,8762890,-6237110
Chalet Girl,2/2/2011,8000000,1749457,-6250543
By the Sea,11/12/2015,10000000,3727746,-6272254
A Quiet Passion,10/7/2016,8138338,1864266,-6274072
Bicentennial Man,12/17/1999,100000000,93700000,-6300000
Nadine,8/7/1987,12000000,5669831,-6330169
Killer Joe,9/10/2011,10000000,3665069,-6334931
Rock-A-Doodle,8/2/1991,18000000,11657385,-6342615
2 Days in New York,3/28/2012,8000000,1653792,-6346208
Wolfen,7/24/1981,17000000,10626725,-6373275
Manhunter,8/14/1986,15000000,8620929,-6379071
The Glass House,9/14/2001,30000000,23619609,-6380391
Never Talk to Strangers,10/20/1995,6400000,6,-6399994
Streets of Fire,6/1/1984,14500000,8089290,-6410710
Once Upon a Forest,6/18/1993,13000000,6582052,-6417948
Freeheld,10/2/2015,7000000,573335,-6426665
Free Fire,3/31/2017,10000000,3565109,-6434891
Quills,11/22/2000,13500000,7060876,-6439124
Bottle Rocket,2/21/1996,7000000,560069,-6439931
For Your Consideration,11/22/2006,12000000,5542025,-6457975
The River,12/1/1984,18000000,11500000,-6500000
Barbarella,10/10/1968,9000000,2500000,-6500000
Curse of the Pink Panther,8/12/1983,11000000,4491986,-6508014
Les triplettes de Belleville,6/11/2003,8000000,1477676,-6522324
Chloe,3/25/2009,15000000,8459458,-6540542
The Extra Man,8/1/2010,7000000,453079,-6546921
Before I Go to Sleep,9/3/2014,22000000,15447154,-6552846
Rhinestone,6/22/1984,28000000,21435321,-6564679
Disconnect,9/11/2012,10000000,3428048,-6571952
99 Homes,10/9/2014,8000000,1411927,-6588073
Jude,2/6/1996,7000000,405000,-6595000
Original Sin,8/3/2001,42000000,35402320,-6597680
Everybody Wants Some!!,3/30/2016,10000000,3400278,-6599722
Out of the Furnace,12/6/2013,22000000,15400000,-6600000
Last Holiday,1/13/2006,45000000,38399961,-6600039
Kalifornia,9/1/1993,9000000,2395231,-6604769
One Night with the King,10/13/2006,20000000,13391174,-6608826
Hesher,1/22/2010,7000000,382946,-6617054
Collateral Damage,2/6/2002,85000000,78382433,-6617567
Coriolanus,2/14/2011,7700000,1072602,-6627398
Life,4/16/1999,80000000,73345029,-6654971
Whisper,11/27/2007,12000000,5285197,-6714803
Someone to Watch Over Me,10/9/1987,17000000,10278549,-6721451
Дуэлянт,9/29/2016,12823507,6101904,-6721603
Trumbo,10/27/2015,15000000,8235661,-6764339
Brideshead Revisited,7/25/2008,20000000,13204291,-6795709
The Limey,5/15/1999,10000000,3193102,-6806898
The Indian Runner,5/19/1991,7000000,191125,-6808875
Hearts in Atlantis,9/7/2001,31000000,24185781,-6814219
The Zookeeper's Wife,3/31/2017,20000000,13162475,-6837525
The Neverending Story,4/5/1984,27000000,20158808,-6841192
Promised Land,9/23/2012,15000000,8138788,-6861212
Cameron's Closet,12/2/1988,7000000,136203,-6863797
The Thing,10/12/2011,35000000,28128670,-6871330
Vanity Fair,9/1/2004,23000000,16123851,-6876149
The Producers,12/25/2005,45000000,38058335,-6941665
Ca$h,1/1/2010,7000000,46488,-6953512
The Water Diviner,12/25/2014,22500000,15520023,-6979977
The Unbearable Lightness of Being,2/5/1988,17000000,10006806,-6993194
Sweetwater,1/24/2013,7000000,6147,-6993853
55 Days at Peking,5/6/1963,17000000,10000000,-7000000
The Runaways,3/19/2010,10000000,2995811,-7004189
Felix The Cat: The Movie,10/1/1988,9000000,1964253,-7035747
Truth,9/12/2015,9600000,2541554,-7058446
Girl 6,3/22/1996,12000000,4939939,-7060061
Funny Games,10/20/2007,15000000,7938872,-7061128
From Justin to Kelly,6/20/2003,12000000,4922166,-7077834
Battle in Seattle,9/7/2007,8000000,908847,-7091153
Invaders from Mars,1/1/1986,12000000,4884663,-7115337
Bee Season,9/3/2005,14000000,6856989,-7143011
Down in the Valley,5/13/2005,8000000,852872,-7147128
Basic,4/18/2003,50000000,42792561,-7207439
The Boost,12/23/1988,8000000,784990,-7215010
La piel que habito,8/17/2011,13000000,5774854,-7225146
Showtime,3/14/2002,85000000,77741732,-7258268
Deception,4/24/2008,25000000,17741298,-7258702
The Mission,9/29/1986,24500000,17218023,-7281977
Levity,3/16/2003,7500000,209151,-7290849
Man-Thing,4/21/2005,7500000,143000,-7357000
Empire State,9/3/2013,11000000,3639345,-7360655
Triple 9,2/19/2016,20000000,12639297,-7360703
Bandits,10/12/2001,75000000,67631903,-7368097
The Apparition,8/23/2012,17000000,9627492,-7372508
Behind the Candelabra,5/26/2013,23000000,15600000,-7400000
Prefontaine,1/24/1997,8000000,589304,-7410696
"\"アキ�?\"\"Childhood friends Tetsuo and Kaneda are pulled into the post-apocalyptic underworld of Neo-Tokyo and forced to fight for their very survival. Kaneda is a bike gang leader\"",7/16/1988,8000000,553171,-7446829
Elle,5/25/2016,9804690,2341534,-7463156
Getaway,8/29/2013,18000000,10501938,-7498062
Unfriend,1/7/2016,9900000,2400000,-7500000
Running Scared,1/6/2006,17000000,9500000,-7500000
Rumble Fish,10/20/1983,10000000,2494480,-7505520
The Weather Man,10/20/2005,20000000,12482775,-7517225
Brooklyn Rules,4/30/2007,8000000,458232,-7541768
Fido,9/7/2006,8000000,426224,-7573776
Slackers,2/1/2002,14000000,6413915,-7586085
Undisputed,8/23/2002,20000000,12398628,-7601372
Red Tails,1/19/2012,58000000,50365377,-7634623
She Hate Me,7/30/2004,8000000,365134,-7634866
Mandela: Long Walk to Freedom,12/6/2013,35000000,27330000,-7670000
Dragonfly,2/22/2002,60000000,52322400,-7677600
Ma vie de courgette,10/12/2016,8000000,292279,-7707721
Muppets from Space,7/14/1999,24000000,16290976,-7709024
Escape from L.A.,8/9/1996,50000000,42277365,-7722635
The Zero Theorem,1/2/2014,8500000,770706,-7729294
"\"नीरज�?\"\"Neerja is a portrayal on the life of the courageous Neerja Bhanot\"",2/19/2016,10721568,2978994,-7742574
Doomsday,3/14/2008,30000000,22211426,-7788574
Foolproof,10/3/2003,8256269,460978,-7795291
Fled,7/19/1996,25000000,17193231,-7806769
Fear and Loathing in Las Vegas,5/22/1998,18500000,10680275,-7819725
Restless,9/16/2011,8000000,163265,-7836735
Heartbeeps,12/18/1981,10000000,2154696,-7845304
10th & Wolf,2/19/2006,8000000,143451,-7856549
The Jacket,3/4/2005,29000000,21126225,-7873775
Flash Gordon,9/1/1980,35000000,27107960,-7892040
Wuthering Heights,9/5/2011,8000000,100915,-7899085
Oliver Twist,9/23/2005,50000000,42093706,-7906294
A Street Cat Named Bob,11/4/2016,8000000,82703,-7917297
Under the Skin,3/14/2014,13300000,5380251,-7919749
Hallam Foe,2/16/2007,8000000,60641,-7939359
Aloft,2/12/2014,8000000,53086,-7946914
Undiscovered,8/26/2005,9000000,1046166,-7953834
Zaytoun,10/14/2012,8000000,42330,-7957670
La Princesse de Montpensier,11/3/2010,14734000,6775121,-7958879
Mr. Right,2/29/2016,8000000,34694,-7965306
A Most Violent Year,12/30/2014,20000000,12007070,-7992930
Playing God,10/17/1997,12000000,4000000,-8000000
Punch-Drunk Love,10/25/2002,25000000,17000000,-8000000
The Man Who Loved Women,12/18/1983,19000000,11000000,-8000000
Leaves of Grass,9/13/2009,9000000,985117,-8014883
Demolition,4/6/2016,10000000,1978592,-8021408
A Cry in the Dark,11/11/1988,15000000,6908797,-8091203
Pulse,8/11/2006,38000000,29907685,-8092315
It's a Boy Girl Thing,12/26/2006,15500000,7385434,-8114566
The Perez Family,5/12/1995,11000000,2832826,-8167174
Waking the Dead,3/23/2000,8500000,327418,-8172582
Taras Bulba,4/2/2009,25000000,16815892,-8184108
Return to the Blue Lagoon,8/2/1991,11000000,2807854,-8192146
Mr. 3000,6/15/2004,30000000,21800302,-8199698
Bad Santa 2,11/23/2016,26000000,17782178,-8217822
The Tie That Binds,9/8/1995,14000000,5780000,-8220000
Killer Elite,9/23/2011,66000000,57777106,-8222894
Romeo Is Bleeding,9/13/1993,11500000,3275585,-8224415
Princess Kaiulani,5/14/2010,9000000,771499,-8228501
The Monster Squad,8/14/1987,12000000,3769990,-8230010
A Better Life,6/24/2011,10000000,1759252,-8240748
Camilla,11/25/1994,8500000,250993,-8249007
Damnation Alley,9/10/1977,17000000,8720000,-8280000
How About You...,11/16/2007,9000000,706000,-8294000
Mighty Aphrodite,9/13/1995,15000000,6700000,-8300000
SpaceCamp,6/6/1986,18000000,9697739,-8302261
Rent,11/23/2005,40000000,31670620,-8329380
Gun Shy,2/4/2000,10000000,1631839,-8368161
Joe's Apartment,7/26/1996,13000000,4619014,-8380986
Lovelace,8/8/2013,10000000,1585582,-8414418
So I Married an Axe Murderer,7/30/1993,20000000,11585483,-8414517
The Little Vampire,10/27/2000,22000000,13555988,-8444012
Welcome to the Punch,3/15/2013,8500000,9747,-8490253
The Private Life of Sherlock Holmes,10/29/1970,10000000,1500000,-8500000
Annapolis,1/27/2006,26000000,17496992,-8503008
The Red Violin,9/10/1998,18000000,9495408,-8504592
Gremlins 2: The New Batch,6/15/1990,50000000,41482207,-8517793
"\"アップルシー�?\"\"In a utopian society created at the end of the third world war\"",4/17/2004,10000000,1461989,-8538011
Tenacious D in The Pick of Destiny,11/22/2006,22000000,13405595,-8594405
Post Grad,8/21/2009,15000000,6405245,-8594755
Jennifer Eight,11/6/1992,20000000,11390479,-8609521
The Perfect Game,4/1/2010,12500000,3878993,-8621007
Connie and Carla,4/16/2004,20000000,11341016,-8658984
The Legend of Hercules,1/10/2014,70000000,61279452,-8720548
The Molly Maguires,1/27/1970,11000000,2200000,-8800000
Catch and Release,10/20/2006,25000000,16158487,-8841513
Two Lovers,11/19/2008,12000000,3148182,-8851818
Inherent Vice,12/25/2014,20000000,11110975,-8889025
Gossip,4/21/2000,14000000,5108820,-8891180
Happily N'Ever After,9/14/2006,47000000,38085778,-8914222
Miller's Crossing,9/21/1990,14000000,5080409,-8919591
Vanishing on 7th Street,9/11/2010,10000000,1068682,-8931318
50 to 1,3/21/2014,10000000,1064454,-8935546
Over the Top,2/13/1987,25000000,16057580,-8942420
Dredd,9/7/2012,50000000,41037742,-8962258
Phantom,1/3/2013,10000000,1034589,-8965411
Highway to Hell,11/21/1991,9000000,26055,-8973945
Death at a Funeral,2/9/2007,9000000,46,-8999954
Thank You,4/8/2011,13100000,4100000,-9000000
Doctor Dolittle,12/19/1967,18000000,9000000,-9000000
The Two Jakes,8/10/1990,19000000,10000000,-9000000
Billy Lynn's Long Halftime Walk,11/10/2016,40000000,30930984,-9069016
Simpatico,9/15/1999,10000000,929606,-9070394
Transsiberian,1/18/2008,15000000,5926410,-9073590
Dune,12/14/1984,40000000,30925690,-9074310
James and the Giant Peach,4/12/1996,38000000,28921264,-9078736
The Tale of Despereaux,12/19/2008,60000000,50877145,-9122855
Superhero Movie,3/27/2008,35000000,25871834,-9128166
Highlander: Endgame,9/1/2000,25000000,15843608,-9156392
Gamer,9/3/2009,50000000,40828540,-9171460
The Lazarus Project,10/21/2008,9750000,558000,-9192000
Out Cold,11/21/2001,24000000,14782676,-9217324
Mannequin Two: On the Move,1/7/1991,13000000,3752426,-9247574
The Grand Seduction,5/30/2014,12700000,3430018,-9269982
The Gun in Betty Lou's Handbag,8/21/1992,13000000,3721911,-9278089
Leviathan,3/17/1989,25000000,15704614,-9295386
Deconstructing Harry,8/26/1997,20000000,10686841,-9313159
Out on a Limb,9/4/1992,11000000,1659542,-9340458
Parkland,10/2/2013,10000000,653651,-9346349
Meet Dave,7/8/2008,60000000,50650079,-9349921
Trust,9/10/2010,9500000,120000,-9380000
The Ledge,5/6/2011,10000000,610986,-9389014
Losing Isaiah,3/17/1995,17000000,7603766,-9396234
Bordello of Blood,8/16/1996,15000000,5600000,-9400000
Swept Away,10/11/2002,10000000,598645,-9401355
Jack Ryan: Shadow Recruit,1/15/2014,60000000,50549107,-9450893
Laurence Anyways,5/18/2012,9500000,12250,-9487750
Legend,7/19/1985,25000000,15502112,-9497888
Miss Sloane,11/25/2016,13000000,3500605,-9499395
The Ward,9/13/2010,10000000,498974,-9501026
The Conspirator,9/10/2010,25000000,15478800,-9521200
Gemma Bovery,9/10/2014,9700000,154701,-9545299
Song to Song,3/17/2017,10000000,443684,-9556316
Alone in the Dark,1/28/2005,20000000,10442808,-9557192
The Infiltrator,7/13/2016,25000000,15436808,-9563192
The Greatest Game Ever Played,9/30/2005,25000000,15431177,-9568823
Roommates,3/1/1995,22000000,12400000,-9600000
The Way Back,9/3/2010,30000000,20348249,-9651751
Code Name: The Cleaner,1/5/2007,20000000,10337477,-9662523
American Dreamz,3/4/2006,17000000,7314027,-9685973
Æon Flux,11/30/2005,62000000,52304001,-9695999
In the Land of Blood and Honey,12/23/2011,10000000,303877,-9696123
World's Greatest Dad,8/20/2009,10000000,295750,-9704250
How to Lose Friends & Alienate People,10/2/2008,27000000,17286299,-9713701
Noises Off...,3/20/1992,12000000,2280148,-9719852
North Country,2/12/2005,35000000,25224242,-9775758
The In Crowd,7/19/2000,15000000,5217498,-9782502
Bridget Jones: The Edge of Reason,11/10/2004,50000000,40203020,-9796980
The Art of War,8/23/2000,40000000,30199105,-9800895
Grimsby,2/24/2016,35000000,25182929,-9817071
Reindeer Games,2/25/2000,42000000,32168970,-9831030
The Corruptor,3/12/1999,25000000,15156200,-9843800
The Deep End of the Ocean,3/12/1999,38000000,28121100,-9878900
Midnight in the Garden of Good and Evil,11/21/1997,35000000,25105255,-9894745
Byzantium,9/9/2012,10000000,89237,-9910763
Inhale,8/27/2010,10000000,55089,-9944911
The Rover,5/18/2014,12250000,2295423,-9954577
Money for Nothing,9/10/1993,11000000,1044824,-9955176
The Ice Storm,9/27/1997,18000000,8038061,-9961939
Jimmy P.,9/11/2013,10000000,30283,-9969717
Solitary Man,9/7/2009,15000000,5024782,-9975218
Strangerland,7/1/2015,10000000,17472,-9982528
Cherry 2000,11/12/1987,10000000,14000,-9986000
Forces spéciales,11/2/2011,10000000,10759,-9989241
Janky Promoters,10/16/2009,10000000,9069,-9990931
The Duel,6/24/2016,10000000,4500,-9995500
Deadfall,10/8/1993,10000000,18,-9999982
Sorcerer,6/24/1977,22000000,12000000,-10000000
Metallica: Through the Never,9/25/2013,18000000,7972967,-10027033
Keeping Up with the Joneses,10/20/2016,40000000,29918745,-10081255
Universal Soldier: Day of Reckoning,10/4/2012,11500000,1402307,-10097693
Highlander,3/7/1986,16000000,5900000,-10100000
The Company Men,10/21/2010,15000000,4882577,-10117423
The Immigrant,7/3/2013,16000000,5867686,-10132314
Robinson Crusoe,2/4/2016,13500000,3342697,-10157303
Le Moine,7/12/2011,11000000,807535,-10192465
Marvin's Room,12/18/1996,23000000,12803305,-10196695
Antichrist,5/18/2009,11000000,791867,-10208133
Mal de pierres,10/19/2016,10300000,47748,-10252252
Nine 1/2 Weeks,2/14/1986,17000000,6735922,-10264078
A Home of Our Own,11/5/1993,12000000,1703282,-10296718
The Ladies Man,10/13/2000,24000000,13700000,-10300000
Ondine,9/14/2009,12000000,1644755,-10355245
Find Me Guilty,3/16/2006,13000000,2636637,-10363363
Atlas Shrugged Part I,4/14/2011,15000000,4627375,-10372625
There Goes My Baby,9/2/1994,10500000,123509,-10376491
Colonia,2/18/2016,14000000,3621046,-10378954
Attack the Block,5/12/2011,14350531,3964682,-10385849
Precious Cargo,7/15/2016,10500000,100659,-10399341
Tracers,1/15/2015,11000000,593683,-10406317
Punisher: War Zone,12/5/2008,20500000,10089373,-10410627
Calendar Girl,9/3/1993,13000000,2570145,-10429855
Krull,7/29/1983,27000000,16519460,-10480540
Black Nativity,11/27/2013,17500000,7018189,-10481811
Shattered,10/11/1991,22000000,11511031,-10488969
Aftermath,4/6/2017,10500000,3451,-10496549
Poulet aux Prunes,10/25/2011,12000000,1428291,-10571709
Birdy,12/14/1984,12000000,1400000,-10600000
Snow Cake,2/9/2006,12000000,1381665,-10618335
The Lookout,3/9/2007,16000000,5367030,-10632970
Sahara,4/6/2005,130000000,119269486,-10730514
Aloha,5/27/2015,37000000,26250020,-10749980
The Blob,8/5/1988,19000000,8247943,-10752057
The Replacement Killers,2/6/1998,30000000,19204929,-10795071
Canadian Bacon,6/8/1995,11000000,178104,-10821896
Louder Than Bombs,5/18/2015,11000000,161789,-10838211
Wanderlust,2/23/2012,35000000,24159934,-10840066
Devil in a Blue Dress,9/15/1995,27000000,16140822,-10859178
Disaster Movie,8/29/2008,25000000,14109284,-10890716
Red Sonja,4/9/1985,17900000,6948633,-10951367
The Arrival,5/31/1996,25000000,14048372,-10951628
Moonlight Mile,9/9/2002,21000000,10011050,-10988950
The Super,10/4/1991,22000000,11000863,-10999137
Rampart,11/23/2011,12000000,972512,-11027488
Shorts,8/21/2009,40000000,28972508,-11027492
The Life of David Gale,2/21/2003,50000000,38955598,-11044402
Michael Collins,10/25/1996,28000000,16900000,-11100000
Spartan,3/12/2004,19250000,8112712,-11137288
The Paperboy,9/14/2012,12500000,1353868,-11146132
Crooked Arrows,5/18/2012,13000000,1832541,-11167459
Little Children,10/6/2006,26000000,14821658,-11178342
Ratchet & Clank,4/13/2016,20000000,8821329,-11178671
The Vatican Tapes,7/24/2015,13000000,1784763,-11215237
Shadows and Fog,12/5/1991,14000000,2735731,-11264269
The Funeral,1/26/1996,12500000,1227324,-11272676
RoboCop 3,4/17/1993,22000000,10696210,-11303790
Nothing But the Truth,12/19/2008,11500000,186702,-11313298
Lost Highway,1/15/1997,15000000,3675201,-11324799
I Saw the Light,2/5/2016,13000000,1646788,-11353212
Youth,5/20/2015,13360000,2000000,-11360000
An Unfinished Life,9/9/2005,30000000,18618284,-11381716
Sunset,4/29/1988,16000000,4594452,-11405548
Boat Trip,10/1/2002,20000000,8586376,-11413624
The Avengers,8/13/1998,60000000,48585416,-11414584
Casino Jack,9/16/2010,12500000,1083683,-11416317
Assassination of a High School President,1/17/2008,11500000,69564,-11430436
Tideland,9/9/2005,12000000,566611,-11433389
Oscar,4/26/1991,35000000,23562716,-11437284
The Midnight Meat Train,8/7/2008,15000000,3533227,-11466773
Looney Tunes: Back in Action,11/14/2003,80000000,68514844,-11485156
Dream House,9/30/2011,50000000,38502340,-11497660
Jefferson in Paris,3/31/1995,14000000,2474000,-11526000
Lords of Dogtown,6/3/2005,25000000,13411957,-11588043
Clifford,4/1/1994,19000000,7411659,-11588341
Run,2/1/1991,16000000,4409328,-11590672
Death Defying Acts,9/13/2007,20000000,8380329,-11619671
Article 99,3/13/1992,18000000,6375979,-11624021
Pride and Prejudice and Zombies,2/4/2016,28000000,16374328,-11625672
Ready to Rumble,4/7/2000,24000000,12372410,-11627590
Starchaser: The Legend of Orin,1/1/1985,15000000,3360800,-11639200
Hummingbird,5/7/2013,20000000,8352885,-11647115
Life of Crime,9/14/2013,12000000,265452,-11734548
Drona,10/2/2008,15000000,3250000,-11750000
Bopha!,9/16/1993,12000000,212483,-11787517
Midnight Special,2/18/2016,18000000,6212282,-11787718
Henry's Crime,1/14/2010,12000000,204940,-11795060
Antitrust,1/12/2001,30000000,18195610,-11804390
Red Scorpion,12/24/1988,16000000,4192440,-11807560
Alone in the Dark,11/12/1982,20000000,8178569,-11821431
Cirque du Freak: The Vampire's Assistant,10/23/2009,40000000,28169671,-11830329
Country of My Skull,5/4/2004,12000000,163536,-11836464
Infamous,11/16/2006,13000000,1151330,-11848670
Foxcatcher,5/19/2014,24000000,12096300,-11903700
Mozart and the Whale,9/10/2005,12000000,84967,-11915033
Whiskey Tango Foxtrot,3/4/2016,35000000,23083334,-11916666
Clockers,9/15/1995,25000000,13071518,-11928482
Deadfall,11/8/2012,12000000,66351,-11933649
That's My Boy,6/14/2012,70000000,58058367,-11941633
Rock the Kasbah,10/22/2015,15000000,3020664,-11979336
The Samaritan,3/2/2012,12000000,2521,-11997479
In the Cut,9/9/2003,12000000,23,-11999977
Brokedown Palace,8/13/1999,25000000,13000000,-12000000
The Young Messiah,3/10/2016,18500000,6490401,-12009599
Sky Captain and the World of Tomorrow,9/17/2004,70000000,57958696,-12041304
Serving Sara,8/20/2002,29000000,16930185,-12069815
Take Me Home Tonight,3/4/2011,19000000,6928068,-12071932
Ed Wood,9/27/1994,18000000,5887457,-12112543
L'Empire des loups,4/20/2005,24000000,11875866,-12124134
Music of the Heart,10/29/1999,27000000,14859394,-12140606
eXistenZ,4/14/1999,15000000,2856712,-12143288
Diggstown,8/14/1992,17000000,4836637,-12163363
Pompeii,2/18/2014,130000000,117831631,-12168369
The End of the Affair,12/3/1999,23000000,10827816,-12172184
Shoot 'Em Up,7/26/2007,39000000,26820641,-12179359
Flipped,8/6/2010,14000000,1755212,-12244788
Enter the Void,5/5/2009,13000000,754249,-12245751
Riding in Cars with Boys,10/19/2001,48000000,35743308,-12256692
King Solomon's Mines,3/20/1985,12500000,238227,-12261773
Labyrinth,6/27/1986,25000000,12729917,-12270083
City of Joy,4/15/1992,27000000,14683921,-12316079
U Turn,10/3/1997,19000000,6682098,-12317902
Deux frères,4/7/2004,74500000,62172050,-12327950
Scott Pilgrim vs. the World,7/27/2010,60000000,47664559,-12335441
Pandorum,9/8/2009,33000000,20645327,-12354673
Dutch,7/19/1991,17000000,4603929,-12396071
L'illusionniste,2/16/2010,18000000,5602431,-12397569
Hackers,9/14/1995,20000000,7563728,-12436272
Delirious,8/9/1991,18000000,5546827,-12453173
Proof,9/5/2005,20000000,7535331,-12464669
Stone,10/7/2010,22000000,9479718,-12520282
The Homesman,5/18/2014,16000000,3442853,-12557147
Body Snatchers,6/9/1993,13000000,428868,-12571132
Almost Famous,9/15/2000,60000000,47383689,-12616311
Love's Labour's Lost,3/31/2000,13000000,299792,-12700208
The Company,9/10/2003,15000000,2281585,-12718415
Empire of the Sun,12/9/1987,35000000,22238696,-12761304
Johnny Handsome,9/12/1989,20000000,7237794,-12762206
Gold,12/22/2016,20000000,7227038,-12772962
Pennies from Heaven,12/11/1981,22000000,9171289,-12828711
キャプテンハーロック,9/7/2013,30000000,17137302,-12862698
The Musketeer,9/7/2001,40000000,27053815,-12946185
Big Bully,1/26/1996,15000000,2042530,-12957470
Little Black Book,8/6/2004,35000000,22034832,-12965168
Venuto al mondo,9/13/2012,13000000,18295,-12981705
The King and I,3/19/1999,25000000,12000000,-13000000
An American Carol,10/3/2008,20000000,7000000,-13000000
88 Minutes,2/14/2007,30000000,16930884,-13069116
A Dirty Shame,9/12/2004,15000000,1914166,-13085834
Universal Soldier: Regeneration,10/1/2009,14000000,875386,-13124614
Things We Lost in the Fire,9/26/2007,16000000,2849142,-13150858
Most Wanted,10/10/1997,25000000,11838218,-13161782
Flawless,9/1/2007,20000000,6819587,-13180413
The Big Wedding,4/25/2013,35000000,21819348,-13180652
This Must Be the Place,10/1/2011,25000000,11790979,-13209021
The Hoax,10/14/2006,25000000,11772461,-13227539
Escobar: Paradise Lost,10/11/2014,17000000,3758328,-13241672
A Civil Action,3/5/1998,70000000,56702901,-13297099
The Double,10/27/2011,17000000,3696232,-13303768
Stonewall,9/18/2015,13500000,187674,-13312326
The Pagemaster,11/23/1994,27000000,13670688,-13329312
Something Wicked This Way Comes,4/29/1983,19000000,5656087,-13343913
The Devil's Double,2/11/2011,19100000,5728213,-13371787
Ronin,9/25/1998,55000000,41610884,-13389116
Pawn Sacrifice,9/16/2015,19000000,5578519,-13421481
A Cure for Wellness,2/15/2017,40000000,26559557,-13440443
The Quick and the Dead,2/9/1995,32000000,18552460,-13447540
Little Boy,4/23/2015,20000000,6485961,-13514039
What Dreams May Come,10/2/1998,85000000,71485043,-13514957
Manderlay,5/16/2005,14200000,674918,-13525082
Funny People,7/31/2009,75000000,61458982,-13541018
The Marrying Man,4/5/1991,26000000,12454768,-13545232
Sphinx,2/11/1981,14000000,439564,-13560436
Farewell to the King,3/3/1989,16000000,2420917,-13579083
Repo Men,3/18/2010,32000000,18409891,-13590109
Chéri,2/10/2009,23000000,9366227,-13633773
The Boat That Rocked,4/1/2009,50000000,36348784,-13651216
Stop-Loss,3/28/2008,25000000,11207130,-13792870
Onegin,12/22/1999,14000000,206128,-13793872
The Whole Ten Yards,4/7/2004,40000000,26155781,-13844219
The Other Man,12/25/2008,15000000,1143856,-13856144
Return to Oz,6/21/1985,25000000,11137801,-13862199
Equals,7/15/2015,16000000,2084628,-13915372
Blues Brothers 2000,2/5/1998,28000000,14051384,-13948616
Margaret,9/30/2011,14000000,46495,-13953505
Ghosts of Mars,8/24/2001,28000000,14010832,-13989168
Fishtales,8/24/2007,14000000,9216,-13990784
Big Trouble in Little China,5/30/1986,25000000,11000000,-14000000
The Internship,6/7/2013,58000000,44000000,-14000000
The Aviator,12/17/2004,116000000,102000000,-14000000
Suspect Zero,8/27/2004,27000000,13000000,-14000000
Surviving Picasso,9/4/1996,16000000,1985001,-14014999
The Bachelor,11/5/1999,51000000,36911617,-14088383
The Manhattan Project,6/13/1986,18000000,3900000,-14100000
W.E.,9/1/2011,15000000,868439,-14131561
Pathfinder,1/11/2007,45000000,30822861,-14177139
Screamers,9/8/1995,20000000,5781885,-14218115
The Fall of the Roman Empire,3/24/1964,19000000,4750000,-14250000
Slow Burn,9/12/2005,15500000,1237615,-14262385
Stay Tuned,8/14/1992,25000000,10736401,-14263599
Abandon,10/14/2002,25000000,10719357,-14280643
One Eight Seven,7/29/1997,20000000,5716080,-14283920
Summer Catch,8/22/2001,34000000,19693891,-14306109
Steel,8/15/1997,16000000,1686429,-14313571
Captivity,3/9/2007,17000000,2626800,-14373200
The Bad Lieutenant: Port of Call - New Orleans,9/11/2009,25000000,10589102,-14410898
I Could Never Be Your Woman,5/11/2007,24000000,9576495,-14423505
Cosmopolis,5/25/2012,20500000,6063556,-14436444
Highlander II: The Quickening,1/30/1991,30000000,15556340,-14443660
The Brothers Bloom,9/9/2008,20000000,5530764,-14469236
Fur: An Imaginary Portrait of Diane Arbus,8/30/2006,16800000,2281089,-14518911
Anonymous,10/21/2011,30000000,15395087,-14604913
Alex & Emma,6/16/2003,30000000,15368897,-14631103
Equilibrium,12/6/2002,20000000,5359645,-14640355
Alex Cross,10/18/2012,45000000,30353232,-14646768
Obitaemyy Ostrov,12/18/2008,36500000,21834845,-14665155
Straw Dogs,9/16/2011,25000000,10324441,-14675559
The Yellow Handkerchief,12/17/2008,15000000,317000,-14683000
Down with Love,5/8/2003,35000000,20298207,-14701793
Bandslam,8/6/2009,20000000,5210988,-14789012
Down,5/11/2001,15000000,163169,-14836831
Possession,10/2/2002,25000000,10113733,-14886267
Tetro,6/11/2009,15000000,113221,-14886779
The Messengers,2/2/2007,16000000,1109660,-14890340
Silent Trigger,6/26/1996,15000000,76382,-14923618
Mrs. Winterbourne,4/19/1996,25000000,10070000,-14930000
Walk of Shame,5/2/2014,15000000,59209,-14940791
All The Queen's Men,10/14/2001,15000000,23000,-14977000
The Good Night,1/25/2007,15000000,20380,-14979620
The Guardian,9/28/2006,70000000,55011732,-14988268
The Cave,8/25/2005,30000000,15007991,-14992009
Xue di zi,12/20/2012,15000000,5290,-14994710
Roar,11/12/1981,17000000,2000000,-15000000
Love Story 2050,7/4/2008,20000000,5000000,-15000000
Blitz,5/20/2011,15774948,741875,-15033073
The Legend of the Lone Ranger,8/20/1981,18000000,2945600,-15054400
Explorers,7/12/1985,25000000,9873044,-15126956
The Life Aquatic with Steve Zissou,12/10/2004,50000000,34808403,-15191597
The Space Between Us,1/26/2017,30000000,14793385,-15206615
Big Miracle,2/2/2012,40000000,24719215,-15280785
The Assassination of Jesse James by the Coward Robert Ford,9/2/2007,30000000,14711793,-15288207
Fire with Fire,8/31/2012,20000000,4636169,-15363831
Paradise,9/18/1991,34000000,18634643,-15365357
Dylan Dog: Dead of Night,3/16/2011,20000000,4634062,-15365938
Veronica Guerin,7/11/2003,17000000,1569918,-15430082
Valiant,3/25/2005,35000000,19478106,-15521894
Winnie the Pooh,4/13/2011,30000000,14460000,-15540000
Harley Davidson and the Marlboro Man,8/23/1991,23000000,7434726,-15565274
Play It to the Bone,12/25/1999,24000000,8434146,-15565854
Rock of Ages,6/13/2012,75000000,59418613,-15581387
Le peuple migrateur,12/12/2001,35866397,20217080,-15649317
Renaissance Man,6/3/1994,40000000,24332324,-15667676
Adore,4/3/2013,16000000,318982,-15681018
The People vs. Larry Flynt,10/12/1996,36000000,20300385,-15699615
Cursed,2/25/2005,35000000,19294901,-15705099
The Neverending Story II: The Next Chapter,10/24/1990,32000000,16283667,-15716333
Stateside,5/23/2004,16000000,174318,-15825682
Species II,4/10/1998,35000000,19165560,-15834440
Extraordinary Measures,1/21/2010,31000000,15134293,-15865707
Cool World,7/10/1992,30000000,14110589,-15889411
The Weight of Water,9/25/2000,16000000,109130,-15890870
I'm Not There.,10/1/2007,20000000,4001121,-15998879
The Cookout,9/3/2004,16000000,12,-15999988
Welcome to Mooseport,2/24/2004,30000000,14000000,-16000000
Playing by Heart,12/30/1998,20000000,3970078,-16029922
Lookin' to Get Out,10/8/1982,17000000,946461,-16053539
Stormbreaker,7/21/2006,40000000,23937870,-16062130
Renaissance,3/16/2006,18000000,1831348,-16168652
On the Road,5/22/2012,25000000,8784318,-16215682
Он - дракон,12/4/2015,18000000,1776333,-16223667
When Time Ran Out...,3/28/1980,20000000,3763988,-16236012
La Cité des Enfants Perdus,5/16/1995,18000000,1738611,-16261389
Geronimo: An American Legend,12/10/1993,35000000,18635620,-16364380
The Bounty,5/4/1984,25000000,8613462,-16386538
디워,2/8/2007,70000000,53587404,-16412596
Josh and S.A.M.,11/24/1993,18000000,1528163,-16471837
Hoodwinked Too! Hood VS. Evil,4/29/2011,30000000,13521829,-16478171
Term Life,4/29/2016,16500000,21256,-16478744
बॉम्बे वेलवेट,5/15/2015,18000000,1500000,-16500000
Southland Tales,5/15/2006,17000000,374743,-16625257
Thumbelina,3/30/1994,28000000,11373501,-16626499
Walk Hard: The Dewey Cox Story,12/21/2007,35000000,18317151,-16682849
Collide,8/4/2016,21500000,4811525,-16688475
Leatherheads,3/24/2008,58000000,41299492,-16700508
Body of Evidence,1/15/1993,30000000,13273595,-16726405
Glitter,9/21/2001,22000000,5271666,-16728334
Criminal,4/14/2016,31500000,14708696,-16791304
For the Boys,11/22/1991,40000000,23202444,-16797556
Seraphim Falls,9/13/2006,18000000,1196307,-16803693
Rosewood,2/21/1997,30000000,13130349,-16869651
The Nutcracker,11/24/1993,19000000,2119994,-16880006
Reign of Fire,7/12/2002,60000000,43061982,-16938018
Solaris,11/27/2002,47000000,30002758,-16997242
Wicker Park,9/3/2004,30000000,13001257,-16998743
Carlos,5/19/2010,18000000,871279,-17128721
十月圍城,12/18/2009,23000000,5837674,-17162326
Stanley & Iris,2/9/1990,23000000,5820015,-17179985
Salton Sea,1/1/2002,18000000,676698,-17323302
Sabotage,3/28/2014,35000000,17508518,-17491482
City By The Sea,9/6/2002,40000000,22433915,-17566085
The Informers,11/5/2008,18000000,382174,-17617826
Under the Rainbow,7/31/1981,20000000,2297493,-17702507
Setup,11/4/2011,20000000,2128186,-17871814
Lord of War,9/16/2005,42000000,24127895,-17872105
Shark Night,9/2/2011,28000000,10126458,-17873542
Catwoman,7/22/2004,100000000,82102379,-17897621
A Thousand Words,3/7/2012,40000000,22044277,-17955723
Der rote Baron,3/29/2008,18000000,40239,-17959761
Sunshine,4/5/2007,50000000,32017803,-17982197
The Chase,3/4/1994,26000000,8009329,-17990671
The Iceman,9/1/2012,20000000,1969193,-18030807
Duplicity,3/19/2009,78146652,60000000,-18146652
Femme Fatale,11/6/2002,35000000,16838910,-18161090
Marci X,8/22/2003,20000000,1675706,-18324294
What Just Happened,10/17/2008,25000000,6673422,-18326578
Beowulf,4/1/1999,20000000,1531251,-18468749
Белка и Стрелка. Звёздные собаки,3/18/2010,25000000,6500000,-18500000
The Road to El Dorado,3/31/2000,95000000,76432727,-18567273
Steal Big Steal Little,9/29/1995,25000000,6278139,-18721861
For Love or Money,10/1/1993,30000000,11146270,-18853730
Horsemen,2/6/2009,20000000,1017401,-18982599
Micmacs à tire-larigot,10/28/2009,33000000,14000000,-19000000
Sheena,8/17/1984,25000000,5778353,-19221647
Ali,12/11/2001,107000000,87713825,-19286175
Not Fade Away,12/21/2012,20000000,610792,-19389208
Meet the Deedles,3/27/1998,24000000,4562146,-19437854
Bitter Harvest,2/23/2017,20000000,557241,-19442759
The Fifth Estate,10/11/2013,28000000,8555008,-19444992
The Contract,4/5/2006,25000000,5549200,-19450800
A Simple Wish,7/11/1997,28000000,8345056,-19654944
Rapa Nui,9/9/1994,20000000,305070,-19694930
The Fountain,9/6/2006,35000000,15304890,-19695110
Assassins,10/6/1995,50000000,30303072,-19696928
Last Man Standing,9/20/1996,67000000,47267001,-19732999
Dark Places,3/31/2015,20000000,208588,-19791412
Dungeons & Dragons,12/8/2000,35000000,15185241,-19814759
Samba,10/15/2014,20000000,151530,-19848470
Momentum,8/1/2015,20000000,133332,-19866668
5 Days of War,4/14/2011,20000000,17479,-19982521
Chaos,1/17/2005,20000000,10289,-19989711
Le Hussard sur le toit,9/20/1995,35000000,15000000,-20000000
The Beaver,2/11/2011,21000000,970816,-20029184
Very Bad Things,9/11/1998,30000000,9898412,-20101588
The Love Guru,6/20/2008,62000000,41819064,-20180936
Red Dawn,11/21/2012,65000000,44806783,-20193217
Color of Night,8/19/1994,40000000,19726050,-20273950
London Boulevard,11/10/2010,25000000,4644108,-20355892
DOA: Dead or Alive,9/7/2006,21000000,480314,-20519686
Unfinished Business,3/5/2015,35000000,14431253,-20568747
Their Finest,4/6/2017,32745300,12173470,-20571830
Beyond a Reasonable Doubt,2/5/2009,25000000,4388563,-20611437
Extreme Measures,9/27/1996,38000000,17380126,-20619874
Duplex,9/26/2003,40000000,19322135,-20677865
Supergirl,11/19/1984,35000000,14296438,-20703562
Amelia,10/22/2009,40000000,19258519,-20741481
Domestic Disturbance,10/30/2001,75000000,54249294,-20750706
The Hunted,3/11/2003,55000000,34234008,-20765992
Idle Hands,4/30/1999,25000000,4152230,-20847770
Babe: Pig in the City,11/25/1998,90000000,69131860,-20868140
Astro Boy,10/15/2009,65000000,44091067,-20908933
Tank Girl,3/31/1995,25000000,4064495,-20935505
The Spirit,12/25/2008,60000000,39031337,-20968663
Our Brand Is Crisis,9/11/2015,28000000,7002261,-20997739
The Rum Diary,10/13/2011,45000000,24000000,-21000000
Drive Angry,2/24/2011,50000000,28931401,-21068599
FearDotCom,8/9/2002,40000000,18902015,-21097985
Rules Don't Apply,11/23/2016,25000000,3885342,-21114658
Shelter,3/27/2010,22000000,851517,-21148483
Stuck on You,12/10/2003,55000000,33828318,-21171682
Paranoia,8/14/2013,35000000,13785015,-21214985
American Outlaws,8/17/2001,35000000,13678913,-21321087
One Night Stand,11/14/1997,24000000,2642983,-21357017
The Lost City of Z,10/15/2016,30000000,8574339,-21425661
We Are Marshall,12/12/2006,65000000,43545364,-21454636
Barney's Version,10/26/2010,30000000,8454301,-21545699
The Death and Life of Bobby Z,7/23/2007,22000000,413454,-21586546
Pan,9/24/2015,150000000,128388320,-21611680
The Frozen Ground,7/18/2013,27220000,5496951,-21723049
特務迷城,1/18/2001,25697387,3849941,-21847446
Waterloo,10/26/1970,25000000,3052000,-21948000
Silence,12/22/2016,46000000,23737523,-22262477
Kundun,12/25/1997,28000000,5684789,-22315211
Zoom,8/11/2006,35000000,12506188,-22493812
Son of the Pink Panther,1/1/1993,25000000,2438031,-22561969
BloodRayne,10/22/2005,25000000,2405420,-22594580
Battlefield Earth,5/10/2000,44000000,21400000,-22600000
Me and Orson Welles,11/25/2009,25000000,2336172,-22663828
Psycho,12/4/1998,60000000,37141130,-22858870
The Sheltering Sky,10/24/1990,25000000,2075084,-22924916
A Troll in Central Park,10/7/1994,23000000,71368,-22928632
Man of Tai Chi,7/4/2013,25000000,2054941,-22945059
Chasing Liberty,1/9/2004,23000000,12,-22999988
Junior,11/22/1994,60000000,37000000,-23000000
Passengers,9/26/2008,25000000,2000000,-23000000
Freedomland,2/17/2006,37665000,14655628,-23009372
Metro,1/16/1997,55000000,31987563,-23012437
Honky Tonk Freeway,8/21/1981,24000000,939423,-23060577
Trapped,9/20/2002,30000000,6916869,-23083131
Blood Ties,8/22/2013,25500000,2415472,-23084528
Life or Something Like It,4/26/2002,40000000,16872671,-23127329
Angel Eyes,5/15/2001,53000000,29700000,-23300000
Space Truckers,3/1/1996,25000000,1614266,-23385734
Solarbabies,11/26/1986,25000000,1579260,-23420740
The Order,9/5/2003,35000000,11560806,-23439194
Gattaca,9/7/1997,36000000,12532777,-23467223
Wind,9/11/1992,29000000,5519569,-23480431
The Young and Prodigious T.S. Spivet,10/16/2013,33000000,9494789,-23505211
The Flintstones in Viva Rock Vegas,4/28/2000,83000000,59468275,-23531725
Jane Got a Gun,1/1/2016,25000000,1397284,-23602716
Intersection,1/21/1994,45000000,21355893,-23644107
Your Highness,4/8/2011,49900000,26121638,-23778362
Blood Work,8/4/2002,50000000,26199517,-23800483
Hollywood Homicide,6/9/2003,75000000,51142659,-23857341
Crossing Over,2/27/2009,25000000,1037335,-23962665
Flight of the Phoenix,12/17/2004,45000000,21009180,-23990820
The Pebble and the Penguin,4/11/1995,28000000,3983912,-24016088
47 Ronin,12/6/2013,175000000,150962475,-24037525
Flags of Our Fathers,10/18/2006,90000000,65900249,-24099751
Without Limits,9/11/1998,25000000,777423,-24222577
Bandidas,1/18/2006,35000000,10496317,-24503683
Dark Tide,3/28/2012,25000000,432274,-24567726
Money Train,11/21/1995,60000000,35431113,-24568887
Showgirls,9/22/1995,45000000,20350754,-24649246
Under Suspicion,9/24/2000,25000000,260562,-24739438
Lay the Favorite,6/22/2012,26350000,1576687,-24773313
Twisted,2/27/2004,50000000,25195000,-24805000
"\"一個人的武�?\"\"A martial arts instructor working at a police academy gets imprisoned after killing a man by accident. But when a vicious killer starts targeting martial arts masters\"",10/31/2014,25000000,129115,-24870885
Spanglish,12/17/2004,80000000,55041367,-24958633
Free State of Jones,6/24/2016,50000000,25035950,-24964050
The Adventurer: The Curse of the Midas Box,12/5/2013,25000000,6399,-24993601
I Still Know What You Did Last Summer,11/13/1998,65000000,40002112,-24997888
The Good Shepherd,12/11/2006,85000000,59908565,-25091435
Oldboy,11/14/2013,30000000,4861022,-25138978
The Swan Princess,11/18/1994,35000000,9771658,-25228342
Sin City: A Dame to Kill For,8/20/2014,65000000,39407616,-25592384
Memoirs of an Invisible Man,2/28/1992,40000000,14358033,-25641967
A Hologram for the King,4/22/2016,30000000,4212494,-25787506
The Relic,1/10/1997,60000000,33956608,-26043392
Speed Racer,5/9/2008,120000000,93945766,-26054234
The Good German,12/8/2006,32000000,5914908,-26085092
Nine,12/3/2009,80000000,53825515,-26174485
Third Person,9/9/2013,28000000,1749201,-26250799
Santa Claus: The Movie,10/29/1985,50000000,23717291,-26282709
The Gunman,2/16/2015,40000000,13644292,-26355708
Trespass,10/13/2011,36000000,9612469,-26387531
Silent Fall,10/28/1994,30000000,3180674,-26819326
Domino,9/22/2005,50000000,22944502,-27055498
Super Mario Bros.,5/28/1993,48000000,20915465,-27084535
The Chamber,10/11/1996,50000000,22540359,-27459641
Machine Gun Preacher,9/23/2011,30000000,2527904,-27472096
Revolution,12/25/1985,28000000,358574,-27641426
Ballerina,12/14/2016,30000000,2351359,-27648641
Enemy Mine,12/12/1985,40000000,12303411,-27696589
The Phantom,6/6/1996,45000000,17300889,-27699111
White Squall,2/2/1996,38000000,10300000,-27700000
Whiteout,9/9/2009,40000000,12206028,-27793972
The Finest Hours,1/25/2016,80000000,52099090,-27900910
My Favorite Martian,2/11/1999,65000000,36850101,-28149899
Rebound,7/1/2005,45000000,16809014,-28190986
The Soloist,4/24/2009,60000000,31720158,-28279842
Practical Magic,10/16/1998,75000000,46683377,-28316623
Cats Don't Dance,3/26/1997,32000000,3566637,-28433363
The Adventures of Ford Fairlane,7/11/1990,49000000,20423389,-28576611
Thunderbirds,7/23/2004,57000000,28283637,-28716363
TEKKEN,3/20/2010,30000000,967000,-29033000
Extreme Ops,11/27/2002,40000000,10959475,-29040525
Mission to Mars,3/10/2000,90000000,60874615,-29125385
Winter's Tale,2/13/2014,60000000,30800231,-29199769
Idiocracy,9/1/2006,30000000,495303,-29504697
Mortdecai,1/21/2015,60000000,30418560,-29581440
Mr. Saturday Night,9/23/1992,43000000,13300000,-29700000
The Insider,10/28/1999,90000000,60289912,-29710088
Dominion: Prequel to the Exorcist,5/20/2005,30000000,251495,-29748505
辛亥革命,7/3/2011,30000000,108348,-29891652
Little Buddha,12/1/1993,35000000,4858139,-30141861
Surviving Christmas,9/21/2004,45000000,14793624,-30206376
The Express,10/10/2008,40000000,9793496,-30206504
Nixon,12/22/1995,44000000,13681765,-30318235
Radio Flyer,2/21/1992,35000000,4651977,-30348023
Treasure Planet,11/26/2002,140000000,109578115,-30421885
Switchback,10/31/1997,37000000,6482195,-30517805
Havana,12/11/1990,40000000,9243140,-30756860
The Warrior's Way,12/2/2010,42000000,11087569,-30912431
Agora,5/17/2009,70000000,39041505,-30958495
The Bonfire of the Vanities,12/21/1990,47000000,15691192,-31308808
Land of the Lost,6/5/2009,100000000,68688831,-31311169
Basic Instinct 2,3/29/2006,70000000,38629478,-31370522
Big Trouble,4/5/2002,40000000,8493890,-31506110
Nothing but Trouble,2/14/1991,40000000,8479793,-31520207
The Interview,12/25/2014,44000000,12342632,-31657368
Christopher Columbus: The Discovery,8/21/1992,40000000,8251071,-31748929
Valmont,11/17/1989,33000000,1132112,-31867888
The Cotton Club,12/14/1984,58000000,25928721,-32071279
Against the Ropes,2/20/2004,39000000,6614280,-32385720
Virgin Territory,12/17/2007,38000000,5410749,-32589251
Lady in the Water,7/21/2006,75000000,42285169,-32714831
Stolen,5/17/2012,35000000,2106557,-32893443
Isn't She Great,1/28/2000,36000000,3003296,-32996704
Event Horizon,8/15/1997,60000000,26673242,-33326758
Baby's Day Out,7/1/1994,50000000,16671505,-33328495
Terminal Velocity,9/23/1994,50000000,16478900,-33521100
The Big Year,10/13/2011,41000000,7448385,-33551615
Sinbad: Legend of the Seven Seas,7/2/2003,60000000,26288320,-33711680
Deep Rising,1/30/1998,45000000,11203026,-33796974
Strange Days,10/13/1995,42000000,7959291,-34040709
Anna Karenina,4/4/1997,35000000,791830,-34208170
Universal Soldier: The Return,8/5/1999,45000000,10667893,-34332107
Black Gold,12/21/2011,40000000,5446000,-34554000
Black Gold,12/21/2011,40000000,5446000,-34554000
Man on the Moon,12/22/1999,82000000,47434430,-34565570
Mary Reilly,2/23/1996,47000000,12379402,-34620598
At Play in the Fields of the Lord,12/6/1991,36000000,1345903,-34654097
The Majestic,12/21/2001,72000000,37317558,-34682442
Miracle at St. Anna,9/15/2008,45000000,9323833,-35676167
Timeline,11/26/2003,80000000,43935763,-36064237
Broken City,1/18/2013,56000000,19701164,-36298836
The Fan,8/15/1996,55000000,18626419,-36373581
I Spy,10/31/2002,70000000,33561137,-36438863
Jonah Hex,6/18/2010,47000000,10539000,-36461000
The Mod Squad,3/26/1999,50000000,13260050,-36739950
City of Ember,10/7/2008,55000000,17869048,-37130952
Solomon Kane,9/16/2009,45000000,7810000,-37190000
Street Fighter: The Legend of Chun-Li,2/27/2009,50000000,12764201,-37235799
Ride with the Devil,11/24/1999,38000000,635096,-37364904
Windtalkers,6/14/2002,115000000,77628265,-37371735
Hart's War,2/15/2002,70000000,32287044,-37712956
Around the World in 80 Days,6/16/2004,110000000,72178895,-37821105
Wyatt Earp,6/24/1994,63000000,25052000,-37948000
Mystery Men,8/6/1999,68000000,29762011,-38237989
Titan A.E.,6/16/2000,75000000,36754634,-38245366
Pirates,5/8/1986,40000000,1641825,-38358175
Fair Game,11/3/1995,50000000,11534477,-38465523
The Adventures of Baron Munchausen,12/7/1988,46630000,8083123,-38546877
Driven,4/27/2001,94000000,54744738,-39255262
Mad City,11/7/1997,50000000,10541523,-39458477
The Scarlet Letter,10/13/1995,50000000,10382407,-39617593
The Ottoman Lieutenant,3/10/2017,40000000,240978,-39759022
1492: Conquest of Paradise,10/9/1992,47000000,7191399,-39808601
Rock Star,9/4/2001,57000000,16991902,-40008098
Jade,10/13/1995,50000000,9851610,-40148390
Love in the Time of Cholera,10/4/2007,45000000,4607608,-40392392
Heaven's Gate,11/19/1980,44000000,3484331,-40515669
The Legend of Bagger Vance,11/2/2000,80000000,39459427,-40540573
Goya's Ghosts,11/8/2006,50000000,9448082,-40551918
Ishtar,5/15/1987,55000000,14375181,-40624819
The Adventures of Rocky & Bullwinkle,6/30/2000,76000000,35134820,-40865180
Conan the Barbarian,8/17/2011,90000000,48795021,-41204979
Stay,9/24/2005,50000000,8342132,-41657868
The Last Legion,4/19/2007,67000000,25303038,-41696962
Flyboys,9/22/2006,60000000,17800000,-42200000
The Wild,3/6/2006,80000000,37384046,-42615954
Shadow Conspiracy,1/31/1997,45000000,2154540,-42845460
Outlander,4/24/2008,50000000,7033683,-42966317
Gods and Generals,2/21/2003,56000000,12923936,-43076064
The Big Bounce,1/30/2004,50000000,6808550,-43191450
3000 Miles to Graceland,2/23/2001,62000000,18720175,-43279825
Mr. Nobody,9/11/2009,47000000,3547209,-43452791
Turbulence,1/9/1997,55000000,11466088,-43533912
Fire Down Below,9/5/1997,60000000,16000000,-44000000
Get Carter,10/6/2000,63600000,19412993,-44187007
The Last Castle,10/19/2001,72000000,27642707,-44357293
Thirteen Days,12/24/2000,80000000,34566746,-45433254
Bullet to the Head,1/31/2013,55000000,9489829,-45510171
All the King's Men,9/10/2006,55000000,9450897,-45549103
The Out-of-Towners,4/2/1999,75000000,29000000,-46000000
Red Planet,11/10/2000,80000000,33463969,-46536031
Alfie,10/22/2004,60000000,13395939,-46604061
Child 44,3/15/2015,50000000,3324330,-46675670
Gigli,8/1/2003,54000000,7266209,-46733791
The Iron Giant,8/6/1999,70000000,23159305,-46840695
Hudson Hawk,5/23/1991,65000000,17218080,-47781920
D-Tox,1/4/2002,55000000,6416302,-48583698
Ballistic: Ecks vs. Sever,9/20/2002,70000000,19924033,-50075967
Hard Rain,1/16/1998,70000000,19870567,-50129433
Rock Dog,7/8/2016,60000000,9420546,-50579454
Legends of Oz: Dorothy's Return,6/13/2013,70000000,18662027,-51337973
Final Fantasy: The Spirits Within,7/2/2001,137000000,85131830,-51868170
Upside Down,9/27/2012,60000000,8106475,-51893525
Blackhat,1/13/2015,70000000,17752940,-52247060
The Astronaut's Wife,8/26/1999,75000000,19598588,-55401412
Stealth,7/28/2005,135000000,76932943,-58067057
Chill Factor,9/1/1999,70000000,11263966,-58736034
Soldier,10/23/1998,75000000,14567883,-60432117
Monster Trucks,12/21/2016,125000000,64493915,-60506085
Lolita,9/27/1997,62000000,1060056,-60939944
Virus,1/14/1999,75000000,14010690,-60989310
Osmosis Jones,8/7/2001,75000000,13596911,-61403089
Sphere,2/13/1998,75000000,13100000,-61900000
The Postman,12/25/1997,80000000,17626234,-62373766
K-19: The Widowmaker,7/19/2002,100000000,35168966,-64831034
Foodfight!,6/15/2012,65000000,73706,-64926294
The Invasion,8/17/2007,80000000,15071514,-64928486
R.I.P.D.,7/18/2013,130000000,61648500,-68351500
Monkeybone,2/23/2001,75000000,5409517,-69590483
The Great Raid,8/12/2005,80000000,10166502,-69833498
How Do You Know,12/17/2010,120000000,48668907,-71331093
Awake,11/28/2007,86000000,14373825,-71626175
The Nutcracker: The Untold Story,11/24/2010,90000000,16178959,-73821041
A Sound of Thunder,5/15/2005,80000000,5989640,-74010360
Supernova,1/14/2000,90000000,14828081,-75171919
Town & Country,4/27/2001,90000000,10372291,-79627709
Australia,11/18/2008,130000000,49554002,-80445998
Flushed Away,10/22/2006,149000000,64459316,-84540684
Live by Night,12/25/2016,108000000,22678555,-85321445
Cutthroat Island,12/22/1995,98000000,10017322,-87982678
Metropolis,1/10/1927,92620000,650422,-91969578
The Adventures of Pluto Nash,8/15/2002,100000000,7103973,-92896027
The 13th Warrior,8/27/1999,160000000,61698899,-98301101
Valerian and the City of a Thousand Planets,7/20/2017,197471676,90024292,-107447384
Mars Needs Moms,3/9/2011,150000000,38992758,-111007242
The Alamo,4/7/2004,145000000,25819961,-119180039
The Lone Ranger,7/3/2013,255000000,89289910,-165710090
Avatar,12/10/2009,237000000,"",""
